288
t_index tf-idf
6 0.05200606353611912
14 0.05080920358289249
53 0.07756714245379553
103 0.06523931973147291
108 0.034071855848083796
116 0.07485637126669702
136 0.06394532789694506
170 0.06586682342663297
171 0.0823946173921245
180 0.04335572266482465
201 0.025573100788115918
273 0.08273263992591748
292 0.08273263992591748
293 0.04934600858710161
319 0.032364327932061975
327 0.051197880742279475
333 0.012757346834368126
363 0.030324225312913514
369 0.04707951139766055
379 0.027549079745027728
437 0.06586682342663297
488 0.07209149447824248
493 0.04335572266482465
509 0.09303311103151359
512 0.04934600858710161
563 0.09433361532064176
615 0.026411379509584294
622 0.056284851558445544
628 0.04095550908557325
661 0.05107335257965055
663 0.03500256066309557
675 0.06487603271195683
739 0.08273263992591748
753 0.01716309686550797
816 0.05865136166034731
833 0.04620201955712829
866 0.04903650066886005
928 0.0967994690549818
933 0.05065149660411639
956 0.03435649632023954
960 0.054722290987495245
1000 0.037692281182246046
1050 0.08159470821495768
1080 0.04537198348163873
1087 0.04564370611077056
1175 0.05338507216535033
1260 0.07370898150408779
1298 0.07209149447824248
1379 0.0602024289893351
1424 0.04900100692734846
1488 0.0355718307820603
1506 0.047693670404934274
1536 0.05802466534917815
1550 0.04510498670378841
1702 0.031144399713387814
1803 0.0630678360564128
1837 0.0967994690549818
1856 0.04433077588169338
1884 0.027133012876739845
1925 0.047330461618774605
1927 0.0557461321514634
1944 0.08615832360730681
1956 0.03584783438526214
1994 0.053363113056187
2030 0.03697672024487375
2128 0.034332064242994974
2148 0.04312133753549209
2231 0.033564307878748534
2317 0.025534360001341804
2466 0.08615832360730681
2470 0.08615832360730681
2567 0.013448547138613749
2591 0.042925015991518385
2672 0.0524266906087378
2757 0.07209149447824248
2760 0.024157173696113476
2765 0.054722290987495245
2787 0.06586682342663297
2827 0.026727925317322335
3098 0.0692925071080223
3110 0.06487603271195683
3169 0.07062829948245158
3261 0.057422551793888985
3262 0.054722290987495245
3317 0.05835235565405395
3358 0.0216081862330766
3473 0.047693670404934274
3503 0.0405530137128045
3509 0.03584783438526214
3555 0.07111262338925768
3592 0.02449910158915963
3614 0.06394532789694506
3631 0.08615832360730681
3634 0.08296591672363841
3641 0.06145034903056749
3790 0.07551717815963181
3823 0.014243087411546064
3924 0.024919728661778304
3947 0.035394809763819826
3958 0.04539004576546474
3980 0.021665576684087442
3998 0.08296591672363841
3999 0.02369091879531998
4043 0.06692599700612054
4097 0.06692599700612054
4101 0.07370898150408779
4297 0.06223779998092323
4336 0.04603623335849136
4436 0.08545517972574995
4553 0.0967994690549818
4646 0.04367849115977034
4700 0.01922531818847987
4724 0.07551717815963181
4780 0.034730838033963735
4793 0.0967994690549818
4806 0.05998715403477659
4814 0.01907887579570077
4863 0.09438640647937238
4867 0.04243891728740042
4876 0.04247384539314597
4941 0.07551717815963181
4977 0.03736907076499733
5048 0.054722290987495245
5088 0.034267631026112425
5111 0.03736907076499733
5262 0.03394338708360799
5319 0.1371304876086825
5446 0.10404448520552992
5459 0.036438365949985556
5610 0.051197880742279475
5638 0.0926528926992585
5644 0.03003987476031059
5674 0.04620201955712829
5779 0.08159470821495768
5842 0.08273263992591748
5848 0.04511928213781906
5869 0.034201408749968104
5892 0.04171318877982919
5903 0.026489906165540148
5948 0.037856474488210744
6019 0.039602892679030895
6031 0.037209982006965514
6229 0.034332064242994974
6282 0.03721037426226363
6369 0.07062829948245158
6397 0.04095550908557325
6482 0.055592042604667685
6508 0.0967994690549818
6571 0.059448763177551364
6594 0.05559131388791166
6597 0.10828137325763788
6600 0.04382112507959522
6624 0.0967994690549818
6629 0.04866358833900994
6772 0.02201449915289439
6814 0.06692599700612054
6817 0.04900100692734846
6825 0.06223779998092323
6835 0.051596654533248236
6836 0.08805391984820148
6847 0.1248001542155914
6914 0.04510498670378841
7006 0.027804242313182962
7007 0.04312133753549209
7052 0.03997734850551878
7054 0.04433077588169338
7109 0.09057479800337229
7168 0.040556735294604476
7169 0.07209149447824248
7171 0.0448425541976431
7280 0.0496989420102793
7331 0.0216081862330766
7333 0.029431261737823664
7379 0.03941903505916104
7390 0.026411379509584294
7535 0.07062829948245158
7608 0.027215329040535755
7713 0.0496989420102793
7721 0.012565445238539166
7722 0.09057479800337229
7847 0.07993365255569729
7866 0.022860882719830417
7973 0.028506166982354225
7986 0.035140247036834625
8038 0.09057479800337229
8075 0.032952596368931844
8087 0.018040774224922902
8111 0.06806369724156397
8150 0.06487603271195683
8166 0.07756714245379553
8235 0.029623163333652624
8255 0.04801021621267232
8272 0.0524266906087378
8312 0.025134444438302643
8337 0.0967994690549818
8357 0.09930538763121873
8373 0.07551717815963181
8574 0.03368963043401838
8587 0.043593741816606836
8607 0.07551717815963181
8619 0.03674237445382816
8641 0.01845995458105978
8699 0.04335572266482465
8711 0.034730838033963735
8730 0.07209149447824248
8777 0.02362545205318171
8786 0.06806369724156397
8803 0.051596654533248236
8812 0.08615832360730681
8865 0.04537198348163873
8895 0.08615832360730681
8982 0.07756714245379553
9005 0.08273263992591748
9011 0.04471835275135136
9069 0.08273263992591748
9077 0.014954402894315
9097 0.10828137325763788
9161 0.0557461321514634
9223 0.04620201955712829
9296 0.08615832360730681
9304 0.03978897893035805
9311 0.0967994690549818
9312 0.019176348680398116
9318 0.03202189155392007
9353 0.03319436400755153
9387 0.15335646386919635
9392 0.05865136166034731
9397 0.023822695808438422
9405 0.03860181646128086
9501 0.026648174863863595
9546 0.027133012876739845
9659 0.07756714245379553
9785 0.0524266906087378
9786 0.05330418244927006
9788 0.0967994690549818
9802 0.06300197612377996
9853 0.04738351990150315
9861 0.037856474488210744
9862 0.08009431862594955
9865 0.0726198904228663
9871 0.0557461321514634
9903 0.04408114553982026
9949 0.06692599700612054
10036 0.023917502550249225
10039 0.036140260898539
10110 0.01665694351170481
10145 0.04866358833900994
10175 0.028063717691751616
10185 0.08273263992591748
10208 0.056843165004803284
10244 0.051197880742279475
10331 0.021437291023823236
10355 0.04433077588169338
10447 0.06586682342663297
10461 0.01795506242485574
10499 0.05200606353611912
10505 0.0726198904228663
10553 0.04178554516106281
10607 0.05429668243185398
10740 0.021600065824035737
10771 0.01907887579570077
10842 0.11732241304387794
10848 0.06070132595451103
10849 0.07374575425833428
10859 0.04900100692734846
10866 0.04738351990150315
10920 0.018695057610168795
11192 0.016450874273154316
11330 0.024089692586288743
11434 0.08273263992591748
11435 0.0630678360564128
11444 0.050430124378033035
11484 0.05330418244927006
11500 0.054722290987495245
11517 0.030014316410755925
11587 0.06692599700612054
11616 0.05625979177729239
11643 0.02527927501969825
11713 0.03446384125611341
11746 0.09057479800337229
11816 0.031467610130636536
11834 0.03584783438526214
11878 0.020168893004547984
11879 0.03674237445382816
11934 0.0210607711013849
11939 0.07450249966543232
11940 0.07863459489944186
11990 0.08615832360730681