396
t_index tf-idf
23 0.04116775040042984
46 0.05887842532523284
66 0.025383100189283973
108 0.04378939000373374
128 0.03916516291388842
192 0.04012349134115757
201 0.019411620145535716
252 0.03139862013359056
311 0.10865773986074852
324 0.0259610580897998
333 0.016395832338392032
408 0.0627993684921308
432 0.053611399432469654
455 0.048538596297014645
481 0.020227670172461854
483 0.028487539344968397
493 0.05572108126803131
535 0.0351906370440956
606 0.058661613767444505
633 0.04012349134115757
678 0.0627993684921308
806 0.05370307803997458
827 0.054722058076975555
892 0.031087852498733175
894 0.05732237123074033
902 0.048538596297014645
912 0.041537721019594465
916 0.04644771879697349
1000 0.02861085367748982
1032 0.03596712409290028
1041 0.054830836756772576
1076 0.054722058076975555
1078 0.054722058076975555
1080 0.03444023921433817
1152 0.04452013711603483
1252 0.060674757946345324
1314 0.02519664668066659
1409 0.05887842532523284
1485 0.04116775040042984
1488 0.021784475693614858
1502 0.04404443450805553
1507 0.022782787035519194
1518 0.024392666148014296
1550 0.057969247777164924
1575 0.06869147292951658
1580 0.12029743268042699
1588 0.0627993684921308
1600 0.06211846159338262
1625 0.024654544487453658
1702 0.02364059258617408
1723 0.04452013711603483
1757 0.041537721019594465
1797 0.03827969186956855
1884 0.02059569325327823
1912 0.034149198058457626
1925 0.04085177559650496
1928 0.04116775040042984
1956 0.027210800516226718
1962 0.11073128658826611
2030 0.016577234072298414
2048 0.0499971343774253
2050 0.03063670858410002
2071 0.049245060815585086
2072 0.04553408901731441
2076 0.03856743724666506
2099 0.0362025481742596
2103 0.04625890964232035
2149 0.08747594486475627
2152 0.05887842532523284
2188 0.027321257226452067
2206 0.07860725586841194
2222 0.05664137758271379
2238 0.04664474766182031
2282 0.08747594486475627
2300 0.023434440364031278
2306 0.03063670858410002
2317 0.011447447470338032
2326 0.020410228929813146
2506 0.04724247332904367
2533 0.02754536212704801
2535 0.04724247332904367
2553 0.053611399432469654
2567 0.021423280549984262
2571 0.055949834246795074
2579 0.022125071039258058
2591 0.03258283428639276
2600 0.030345366017384072
2635 0.08266825562533324
2638 0.02566849638873324
2663 0.07457371010667138
2672 0.03979521341648458
2690 0.09294221965312936
2714 0.0210402794324093
2817 0.03979521341648458
2980 0.06631238516382111
3026 0.0394759305487458
3082 0.02656918366461185
3150 0.11073128658826611
3194 0.05887842532523284
3203 0.0404612858818594
3204 0.05259744753119008
3206 0.04404443450805553
3229 0.05259744753119008
3254 0.03508369691186422
3281 0.04670135378971685
3297 0.04116775040042984
3318 0.055949834246795074
3358 0.027770993703787824
3368 0.04231488198763589
3447 0.06539968164589557
3475 0.033273957095821836
3503 0.014667946489117017
3527 0.06539968164589557
3573 0.03487153996346553
3598 0.03916516291388842
3607 0.07897642299154116
3659 0.054830836756772576
3666 0.06539968164589557
3674 0.02117048297333692
3706 0.0362025481742596
3719 0.04724247332904367
3722 0.024136543845085973
3733 0.055949834246795074
3734 0.05541984784284949
3735 0.03916516291388842
3738 0.030490126831509808
3782 0.031087852498733175
3788 0.03384251354711481
3793 0.03374378124666753
3795 0.03856743724666506
3823 0.018305316631484218
3871 0.06539968164589557
3893 0.06433769788311772
3944 0.06875206836150057
3980 0.034512852785988486
3994 0.049245060815585086
3998 0.0629764405110324
4024 0.07233768912337209
4059 0.10632857370339634
4120 0.029379468187003915
4137 0.0662262607676666
4188 0.027321257226452067
4204 0.06539968164589557
4227 0.04412381167239233
4267 0.021913830892178906
4296 0.012738555837781365
4326 0.03290976821613561
4334 0.07061808527890452
4338 0.06460611019558211
4355 0.05259744753119008
4356 0.06875206836150057
4436 0.02028820587056909
4443 0.06875206836150057
4536 0.026992979301779074
4555 0.023010542083577928
4564 0.0627993684921308
4615 0.0627993684921308
4646 0.04109448303482485
4660 0.05370307803997458
4676 0.058661613767444505
4678 0.041537721019594465
4689 0.055949834246795074
4693 0.05296701056737002
4700 0.01459324690204394
4756 0.03403836850495505
4799 0.023885929977939566
4845 0.0184918732494566
4870 0.055949834246795074
4872 0.03488199684838212
4876 0.04730855993398267
4903 0.03093552228149642
4936 0.03171790300132933
5024 0.04607619121052734
5046 0.024221294005402915
5049 0.0394759305487458
5093 0.060674757946345324
5105 0.10938717792971095
5111 0.048026993924301375
5222 0.053611399432469654
5241 0.027210800516226718
5262 0.02576520313195956
5283 0.0404612858818594
5322 0.07621886311187838
5328 0.03171790300132933
5408 0.03596712409290028
5422 0.037456778602159166
5430 0.04724247332904367
5458 0.06539968164589557
5459 0.027659051767153896
5465 0.06875206836150057
5472 0.041300373914850426
5475 0.05080111491007759
5481 0.05080111491007759
5490 0.03799888079537209
5515 0.033273957095821836
5609 0.060674757946345324
5613 0.033460410604439224
5669 0.06875206836150057
5780 0.04116775040042984
5812 0.03799888079537209
5843 0.009065170040048682
5845 0.038071898934573994
5865 0.060674757946345324
5876 0.05370307803997458
5887 0.08465250710721436
5892 0.025545492798634235
5903 0.020107534101430104
5909 0.043955892309097494
5913 0.01744761419018433
5948 0.028735486904888967
5967 0.0627993684921308
5980 0.043587391785055635
6013 0.022707847255194886
6084 0.0453970322989795
6091 0.018754933984075274
6110 0.03063670858410002
6113 0.048614122773884307
6122 0.05572108126803131
6124 0.06539968164589557
6186 0.09705521123233851
6191 0.015362707586316396
6239 0.019929620787903404
6267 0.029379468187003915
6282 0.022787932918971455
6321 0.04404443450805553
6337 0.029783662312939375
6364 0.05732237123074033
6389 0.04787252383163982
6398 0.05732237123074033
6424 0.05887842532523284
6471 0.032556617078860844
6476 0.060674757946345324
6544 0.037724677657660986
6548 0.04787252383163982
6599 0.06875206836150057
6613 0.034453949643726306
6644 0.08905521999208414
6646 0.03886246808550538
6692 0.06832371667915944
6754 0.026779155033239136
6850 0.0627993684921308
7021 0.01924394681129682
7031 0.030061130080362174
7036 0.05732237123074033
7052 0.030345366017384072
7060 0.027934191981765822
7072 0.06539968164589557
7108 0.03394409165847807
7152 0.060674757946345324
7163 0.05512314441564301
7168 0.03078515767035013
7172 0.06539968164589557
7259 0.054722058076975555
7268 0.012834204218927153
7269 0.009228479358973477
7288 0.08747594486475627
7296 0.06539968164589557
7331 0.04831880721337165
7356 0.024743161611695142
7406 0.036938777959791474
7435 0.021368557357082294
7501 0.04314760013208957
7506 0.055949834246795074
7608 0.053906228934065964
7651 0.03485646544839439
7716 0.07305523751157537
7721 0.009537977109267987
7725 0.028244757736891116
7814 0.03384251354711481
7816 0.0627993684921308
7817 0.054722058076975555
7891 0.03238397546670415
7903 0.0627993684921308
7937 0.030873895563634464
7943 0.05602698516455575
8011 0.0657998782685743
8054 0.03485646544839439
8080 0.06875206836150057
8087 0.01930024707462995
8113 0.08465250710721436
8174 0.02754536212704801
8235 0.02248587681667646
8312 0.019078651902554422
8342 0.08879927266013592
8406 0.03886246808550538
8472 0.03139862013359056
8527 0.030061130080362174
8562 0.03403836850495505
8581 0.05166470220021088
8692 0.011706096463579738
8694 0.03204618092600232
8700 0.10870019261624263
8738 0.028988825049237648
8750 0.03975485483697934
8759 0.09968983983522726
8767 0.0842850042216538
8777 0.03036359799665767
8831 0.0799884605197487
8865 0.03444023921433817
8873 0.03827969186956855
8892 0.08218298746862776
8897 0.028988825049237648
8911 0.04404443450805553
8915 0.03668816409264507
8929 0.043587391785055635
8938 0.04664474766182031
8969 0.12122641404852176
8980 0.055949834246795074
9017 0.0451383540009614
9027 0.05166470220021088
9077 0.013280103320792477
9121 0.05732237123074033
9153 0.060674757946345324
9183 0.007147021211422929
9226 0.06875206836150057
9241 0.0394759305487458
9287 0.1368453231616537
9318 0.051010265973720215
9348 0.05887842532523284
9349 0.0887865619496151
9353 0.02519664668066659
9383 0.03916516291388842
9389 0.03487153996346553
9405 0.017305789774128725
9455 0.05080111491007759
9529 0.028861467544636227
9575 0.06539968164589557
9615 0.06875206836150057
9622 0.013594817975858048
9853 0.03596712409290028
9862 0.02547745775486305
9959 0.04272380449492234
10036 0.023428375282527284
10096 0.054722058076975555
10110 0.021407621555936632
10143 0.032556617078860844
10271 0.06970306052048335
10273 0.03886246808550538
10288 0.02861085367748982
10340 0.04625890964232035
10381 0.060674757946345324
10398 0.03886246808550538
10461 0.028602073938212402
10477 0.0499971343774253
10512 0.037724677657660986
10553 0.03171790300132933
10554 0.036752048515975216
10590 0.0451624939124072
10608 0.03799888079537209
10665 0.0627993684921308
10674 0.04787252383163982
10685 0.041300373914850426
10740 0.016395832338392032
10749 0.045016088374946715
10791 0.06433769788311772
10807 0.018915668886623827
10836 0.04116775040042984
10856 0.03668816409264507
10978 0.04643194597064187
11002 0.03573420878037551
11006 0.04314760013208957
11007 0.05887842532523284
11016 0.03799888079537209
11115 0.05080111491007759
11158 0.05166470220021088
11205 0.041537721019594465
11247 0.053611399432469654
11258 0.06875206836150057
11264 0.0499971343774253
11327 0.014780901451185928
11336 0.03886246808550538
11349 0.053611399432469654
11351 0.11930787983700343
11403 0.055949834246795074
11444 0.06481315236166345
11453 0.04930036515510481
11459 0.05030136619955834
11507 0.08830993790190603
11563 0.06439578686363916
11565 0.0629764405110324
11574 0.04012349134115757
11588 0.06875206836150057
11643 0.04026940570347944
11646 0.028006931203058652
11669 0.055949834246795074
11687 0.021236134390249548
11704 0.018915668886623827
11712 0.02528950052398025
11733 0.019754382964155343
11767 0.0371949002627198
11778 0.023721799156474467
11785 0.054727580484924
11878 0.02663699572058452
11934 0.01598647312969353
11944 0.022054231333688883
11955 0.04930036515510481