378
t_index tf-idf
24 0.04541651389096427
27 0.028212200639194517
67 0.037582601297320314
101 0.023948464620433634
107 0.032135792960873565
163 0.0415443087709056
283 0.054930962357617255
303 0.029376684995820822
326 0.02548829543273215
333 0.02268721440099997
336 0.029513703250450638
393 0.08069572957152506
467 0.028089837039463873
473 0.031794248567473184
481 0.019859315112974566
535 0.020405668189798443
615 0.019682845482992588
682 0.04041806697082987
696 0.02822846925604872
753 0.012790645164552594
769 0.03815476489371872
843 0.0661521484148174
920 0.02578292684388367
941 0.05372554454939919
956 0.02560387306399059
969 0.06904874354972687
985 0.08006916159325035
1010 0.03875705592692229
1109 0.061655763473883296
1145 0.032851081332526975
1146 0.061655763473883296
1155 0.020159618114979776
1192 0.08980727050589343
1222 0.0423618627398007
1314 0.024737804302488366
1341 0.04348657363734388
1416 0.0495098048361319
1424 0.036517564238250186
1488 0.012631961795281515
1492 0.08006916159325035
1500 0.017558076508248054
1536 0.1031890126069682
1545 0.07213894266876626
1554 0.07213894266876626
1584 0.03476150775156834
1594 0.021446466071336726
1624 0.03626610603876664
1625 0.024205574036389465
1672 0.0675000619754338
1696 0.027496912267541106
1719 0.019859315112974566
1842 0.04041806697082987
1860 0.024468594528434175
1956 0.026715279482049624
1993 0.03703769414625072
2030 0.01627535511190537
2036 0.024647362032957514
2046 0.028089837039463873
2065 0.06510480651667579
2091 0.08006916159325035
2103 0.026823724725421952
2151 0.1355688752014105
2215 0.05956984305094971
2246 0.046382166436303364
2277 0.04279364558705118
2300 0.010963286876453756
2317 0.011238984253469158
2325 0.032851081332526975
2393 0.06293762615000126
2394 0.06420872374428216
2396 0.11274908800675515
2407 0.05288725716900732
2515 0.04709695928778558
2546 0.0423618627398007
2558 0.0978744425813816
2561 0.04700074343313315
2567 0.02103315288258015
2579 0.021722163448352125
2585 0.05794911629331457
2591 0.018893505800937856
2650 0.061655763473883296
2664 0.03972446749195728
2716 0.03972446749195728
2730 0.03626610603876664
2738 0.0299348877759469
2750 0.05956984305094971
2760 0.018002918665943564
2764 0.0287151777890863
2787 0.049086663856066734
2827 0.04180173022700003
2832 0.026607852518907207
2851 0.19106858880957067
2869 0.037865106700431
2888 0.06405327468477434
2908 0.05163962412646561
2955 0.07213894266876626
3042 0.026395978176507753
3062 0.035312146430032124
3192 0.02065712638928199
3252 0.03052172858733517
3254 0.02034365780755522
3294 0.08006916159325035
3358 0.01610330844850552
3388 0.024033527372989617
3406 0.036774673654206017
3435 0.048837907200417655
3438 0.03703769414625072
3441 0.1355688752014105
3458 0.07630332629080129
3486 0.08006916159325035
3501 0.055621715736513505
3503 0.0243827357560226
3516 0.03381306681848681
3517 0.051424558020028856
3535 0.03602005596394797
3579 0.045237122844789014
3582 0.02548829543273215
3591 0.050723864511535266
3592 0.030913036576176042
3636 0.026501424890832508
3647 0.043654289892304965
3668 0.03930957054622249
3674 0.020784958864602205
3719 0.046382166436303364
3809 0.024920862408042876
3820 0.04041806697082987
3823 0.02532940289491896
3862 0.08006916159325035
3867 0.05299604958359232
3924 0.01857120596634841
3958 0.03382652757472971
4080 0.08006916159325035
4091 0.061655763473883296
4092 0.03037217237252942
4100 0.050723864511535266
4208 0.030913036576176042
4244 0.0324870190886158
4307 0.049086663856066734
4336 0.036705201300506335
4387 0.027730407872192372
4576 0.04854281334140285
4629 0.043709405201981515
4668 0.03730690392030492
4697 0.05956984305094971
4700 0.03006786179255847
4714 0.05956984305094971
4742 0.03464549840653373
4749 0.03875705592692229
4814 0.014218362359289584
4830 0.08588296818481062
4831 0.061655763473883296
4872 0.034246779845406965
4909 0.03322622600709855
4973 0.037582601297320314
5011 0.05229922809372593
5088 0.015082945704765278
5125 0.0393928243432385
5135 0.061655763473883296
5159 0.03689729788280567
5198 0.04219468792330013
5229 0.027155367874140728
5285 0.03732904375774305
5329 0.021933385832605946
5345 0.0457953256249151
5522 0.10871481957498377
5555 0.18824209196278868
5644 0.01066750127740562
5674 0.034431643815316604
5682 0.01703686935458828
5734 0.14165645954750442
5747 0.08006916159325035
5750 0.1355688752014105
5754 0.11628179813389902
5843 0.008900089177008384
5848 0.019859315112974566
5850 0.11428753962132732
5901 0.039764749811305525
5918 0.032135792960873565
5956 0.06469357895408559
5995 0.027591913757734555
6031 0.027730407872192372
6047 0.01862429602688366
6075 0.05956984305094971
6091 0.031176593110334154
6191 0.02553764699456207
6204 0.050723864511535266
6240 0.027630086344013642
6266 0.032741856623032146
6282 0.022372954312221787
6381 0.032310466392168204
6410 0.01610330844850552
6456 0.028335887114282542
6482 0.019741366774351652
6491 0.0388628602257861
6530 0.049086663856066734
6571 0.021110932125941943
6600 0.03265730339907337
6639 0.021243967200670257
6689 0.0718181082465356
6726 0.043709405201981515
6759 0.049086663856066734
6761 0.07213894266876626
6821 0.032487848046345774
6984 0.01368777790884705
6994 0.04487081283473422
6998 0.030227262079091592
7034 0.03845194751181926
7057 0.048876290745673893
7060 0.019459210395793958
7070 0.022316887394817606
7167 0.07853183432988917
7171 0.033418514357216246
7178 0.03703769414625072
7183 0.1096442428434732
7206 0.06057942836847383
7268 0.012600487531922288
7269 0.015340632296873387
7290 0.030224545969234618
7331 0.03379460099824669
7333 0.021933385832605946
7390 0.019682845482992588
7435 0.044027681682622596
7551 0.13794266270015762
7572 0.043709405201981515
7591 0.03322622600709855
7634 0.023532386494270308
7721 0.022345943390264664
7737 0.03401556568915328
7757 0.03322622600709855
7776 0.08006916159325035
7777 0.09528779176177038
7809 0.04324236535451622
7820 0.03602005596394797
7891 0.031794248567473184
7921 0.05956984305094971
7922 0.02046801650494818
7989 0.03162722534543418
8011 0.03815476489371872
8087 0.013444726404156762
8090 0.02529600708261445
8092 0.03082683700243819
8115 0.02558566527590217
8143 0.027496912267541106
8163 0.08006916159325035
8174 0.02704374857400911
8200 0.03303711612276473
8215 0.06140385518942574
8217 0.027613064407476684
8235 0.06163199536485593
8244 0.024737804302488366
8277 0.03130032060536276
8312 0.01873122098754621
8381 0.028975209153089047
8423 0.050723864511535266
8461 0.021514770080278172
8464 0.047654686416441376
8467 0.036517564238250186
8472 0.03082683700243819
8475 0.04041806697082987
8478 0.0393928243432385
8506 0.024380247467684107
8529 0.05116468693645144
8530 0.03577918627749742
8583 0.16803412646294788
8587 0.032487848046345774
8618 0.03067326573669967
8619 0.04636163335431546
8624 0.04725337669528221
8641 0.013757116833303181
8647 0.034431643815316604
8692 0.019459210395793958
8707 0.03037217237252942
8711 0.0722586856986715
8736 0.05006308649755517
8784 0.03972446749195728
8785 0.05627850481979806
8846 0.06420872374428216
8847 0.04082159466381169
8863 0.0336140898464215
8865 0.03381306681848681
8897 0.028460925380890484
8932 0.12131284882150657
9034 0.041579680508916916
9035 0.07600378893591712
9077 0.004670268607438192
9080 0.04769241639682651
9111 0.08588296818481062
9145 0.03907052450864906
9176 0.07627490754992833
9183 0.022434511488749684
9272 0.0726701512330925
9300 0.03701650506786441
9304 0.029652382372836225
9309 0.046382166436303364
9312 0.014291003158971525
9314 0.03392821340634165
9320 0.024119227305658575
9355 0.03464549840653373
9363 0.03401556568915328
9385 0.03815476489371872
9389 0.020220636326365234
9405 0.02876766011008676
9501 0.04167700274062074
9634 0.06843373613534365
9645 0.05020584761145308
9715 0.03845194751181926
9718 0.07245594037159725
9724 0.019002988813598885
9831 0.0675396845763758
9871 0.08718539691084484
9890 0.0675000619754338
9901 0.036774673654206017
9936 0.03052172858733517
10016 0.024920862408042876
10036 0.007469449774635648
10039 0.02693320773808298
10110 0.012413438883071127
10137 0.020979426223871434
10244 0.03815476489371872
10247 0.11888080936815565
10285 0.06420872374428216
10313 0.04324236535451622
10331 0.03352732565422041
10340 0.026823724725421952
10342 0.10009498929627234
10355 0.03303711612276473
10358 0.06534133920308288
10359 0.04797682737621237
10435 0.029652382372836225
10461 0.01338085044810612
10526 0.02539174728579659
10634 0.04332029702464425
10644 0.0675000619754338
10645 0.0415443087709056
10667 0.03048159098109236
10740 0.024808706901401373
10771 0.024073780140810814
10784 0.015725409919662498
10803 0.03972446749195728
10862 0.09336356514854367
10892 0.07547186949967769
10920 0.029238549027672568
11002 0.02072086408903669
11036 0.06904874354972687
11096 0.049876003538121466
11169 0.047654686416441376
11219 0.0423618627398007
11323 0.015122059888215423
11327 0.024570502393602117
11457 0.045601884745170504
11469 0.05593670001709062
11535 0.030078800208257775
11540 0.07054294202409411
11615 0.0262788928056734
11616 0.019978492102229913
11621 0.09300620404124414
11663 0.03100648243781141
11669 0.054930962357617255
11678 0.03602005596394797
11691 0.05372554454939919
11704 0.01857120596634841
11707 0.022076398788717172
11712 0.024828967235149154
11721 0.0423618627398007
11759 0.024468594528434175
11767 0.036517564238250186
11807 0.05193435340065903
11815 0.027155367874140728
11823 0.036774673654206017
11852 0.028335887114282542
11863 0.03604718810388795
11865 0.04470489257869011
11878 0.02478347185842242
11896 0.0423618627398007
11898 0.0777277600792527
11900 0.03554328333196077
11902 0.06363287542466643
11934 0.009269927844752904