348
t_index tf-idf
66 0.03119523345306167
74 0.028954622273576574
88 0.04283777666647243
100 0.053816130959067565
185 0.07082833350784935
187 0.06349470452387444
193 0.032027414953186735
201 0.02385642485064877
227 0.04516740369713037
239 0.08449467586403464
319 0.051119108925556524
321 0.07717894765446806
332 0.02719119221404683
357 0.11155664168430157
444 0.02042738165042326
445 0.044787377355243255
481 0.05217009784131537
484 0.02463843143984978
574 0.025083691572267114
580 0.06934180540727485
614 0.051518478241926347
661 0.01825867965621299
663 0.0326529021630206
696 0.02086977607384425
753 0.03360081684047101
795 0.06588714966138287
862 0.05883420645149293
892 0.038206239939979715
935 0.028373946221420702
942 0.027999509712546916
952 0.10097379651932933
1032 0.04420275003235976
1047 0.06349470452387444
1080 0.04232624440903155
1085 0.061445302869124196
1117 0.06255234432416419
1233 0.06588714966138287
1262 0.07456785123683679
1276 0.033714230642280914
1304 0.054714201982441105
1320 0.04257972679021845
1323 0.04183235475395914
1329 0.060321051177561806
1330 0.04449208069424547
1379 0.08240920731450811
1389 0.05412957465955761
1423 0.0803746713949828
1430 0.0580598891943754
1488 0.015812333888043387
1535 0.0580598891943754
1539 0.04678946883591481
1551 0.03471214331019599
1584 0.02569975991911009
1658 0.04987533859331703
1662 0.03677290663207244
1704 0.05883420645149293
1705 0.05104888270745736
1706 0.08280739564437396
1719 0.024859331150884127
1797 0.04704484146844252
1850 0.023180762729890846
1860 0.03062909726336218
1871 0.07297559446559038
1906 0.05596032503418502
1909 0.07044784676778496
1912 0.019998244504983425
1925 0.02103926184672858
2030 0.020373030994445474
2036 0.0308528733890081
2042 0.07717894765446806
2057 0.04207717064128917
2080 0.07965384069218304
2095 0.05596032503418502
2188 0.033577182891557686
2222 0.02667659623199026
2236 0.10570889462277726
2300 0.02880037633489832
2307 0.0580598891943754
2317 0.029524628860812
2326 0.04247038166361933
2344 0.08449467586403464
2393 0.03019176921680889
2423 0.09412202264332639
2567 0.012545770527438011
2611 0.02642607006521399
2613 0.034419860090695156
2635 0.029153533535878823
2642 0.07236020067181198
2681 0.0650099604115024
2696 0.10636702262833107
2761 0.05302738629334693
2889 0.07044784676778496
2894 0.09030149602218066
2931 0.06725212302727021
3015 0.04603350040698718
3082 0.0326529021630206
3117 0.06052102214058712
3133 0.08449467586403464
3134 0.1002283206493785
3193 0.025235241988190635
3213 0.08449467586403464
3218 0.05250655141741629
3224 0.0387830177802543
3281 0.044475936055534564
3282 0.03747164914567667
3322 0.05732529840007236
3324 0.03304174181276848
3364 0.05883420645149293
3378 0.07236020067181198
3397 0.0497259692269007
3454 0.05883420645149293
3492 0.04420275003235976
3503 0.03052162167100435
3508 0.04571165808378034
3516 0.04232624440903155
3517 0.038019029683816354
3584 0.06876103107869079
3638 0.06349470452387444
3684 0.07044784676778496
3714 0.03317373703895123
3722 0.029663245008794782
3734 0.06810969024661186
3782 0.0801800846418438
3809 0.03119523345306167
3841 0.08280739564437396
3847 0.11642254590328009
3864 0.0659998205149209
3915 0.06052102214058712
3924 0.02324691241175339
3947 0.033018820292061546
4039 0.032525600163378764
4073 0.06437181291677853
4082 0.04739847377287452
4106 0.07717894765446806
4110 0.07456785123683679
4123 0.07583162169370446
4154 0.059652793854098544
4180 0.036106675779789335
4244 0.019377726624325037
4267 0.026931583038900635
4296 0.015655385679886922
4336 0.02786567045572784
4404 0.06588714966138287
4539 0.05883420645149293
4555 0.02827941531278187
4557 0.06464102660963895
4587 0.03765179467391837
4655 0.04310056166614908
4699 0.06588714966138287
4778 0.05927795679307239
4780 0.0323994197818337
4860 0.036106675779789335
4876 0.018880406493001375
4919 0.05361321592315037
4977 0.03486055272804542
5011 0.03119523345306167
5141 0.061445302869124196
5173 0.05818396284300296
5198 0.06546670027246575
5215 0.03839592987421375
5260 0.059652793854098544
5267 0.07456785123683679
5329 0.02745559444376997
5476 0.05422712732861156
5528 0.04159165361472851
5546 0.057792908795615494
5621 0.03938400304970369
5685 0.02925403486524256
5722 0.08833626451904734
5833 0.032525600163378764
5836 0.03783423511133274
5843 0.01114088088461334
5845 0.027634614033046394
5848 0.024859331150884127
5892 0.018542280619818063
5903 0.04184052273684103
5959 0.03516206661538848
6013 0.0279074104841349
6042 0.057805907223686316
6056 0.07717894765446806
6084 0.023380135518132505
6099 0.06588714966138287
6239 0.02449303546349731
6240 0.02042738165042326
6282 0.034712509234106396
6410 0.020157667828367948
6412 0.08449467586403464
6475 0.07236020067181198
6594 0.03062909726336218
6600 0.01947929712568306
6616 0.10222395469930526
6620 0.0803746713949828
6639 0.026592599623687693
6719 0.05302738629334693
6743 0.03291095203927458
6844 0.023582323073882708
6988 0.045088891242586325
7007 0.040226680248841164
7021 0.02365035826435984
7070 0.016499245438016143
7211 0.06876103107869079
7267 0.03074054825899358
7268 0.026705900918655677
7327 0.04420275003235976
7339 0.06624948818829889
7376 0.059652793854098544
7390 0.02463843143984978
7403 0.07456785123683679
7426 0.06052102214058712
7430 0.05662655588646813
7435 0.044464507952216
7572 0.054714201982441105
7599 0.12395556403570605
7606 0.021738004360332814
7608 0.02538841329491566
7627 0.037118016841244675
7634 0.029457178422505847
7683 0.05528616923441807
7721 0.03609705872763714
7932 0.07518148762446875
7934 0.10570889462277726
7980 0.07717894765446806
8011 0.04776105973853059
8016 0.03669289779026837
8043 0.07717894765446806
8087 0.02086001620266033
8112 0.06243337604461414
8115 0.032027414953186735
8150 0.06052102214058712
8165 0.04931082767690154
8174 0.03385260254636475
8202 0.051518478241926347
8209 0.09397995794334148
8274 0.06810969024661186
8314 0.08419338459713753
8342 0.034133422929306496
8359 0.03898055719709725
8388 0.06498580960614134
8464 0.059652793854098544
8604 0.06588714966138287
8641 0.017220771265019814
8692 0.014386517378976263
8703 0.08449467586403464
8724 0.05104888270745736
8857 0.08419338459713753
8886 0.059652793854098544
8889 0.10944677195261059
8890 0.061445302869124196
8894 0.04283777666647243
9011 0.05170651499317547
9021 0.05059419751338927
9077 0.01632093480637154
9128 0.06725212302727021
9160 0.08449467586403464
9183 0.008783521064083668
9260 0.06349470452387444
9312 0.030288837112437104
9314 0.025083691572267114
9316 0.03547006516694079
9330 0.050153504876039014
9371 0.03643591742150819
9372 0.03898055719709725
9397 0.037627692578332345
9437 0.08449467586403464
9496 0.07044784676778496
9523 0.04336825881839025
9529 0.03547006516694079
9544 0.07717894765446806
9546 0.025311622866102924
9566 0.05302738629334693
9589 0.03019176921680889
9644 0.03747164914567667
9707 0.030966086473926423
9709 0.06464102660963895
9725 0.05412957465955761
9732 0.05412957465955761
9743 0.05356787989667661
9785 0.0489073818242951
9856 0.04257972679021845
9862 0.03131119668309866
9903 0.04112205808025952
9936 0.038206239939979715
9957 0.04336825881839025
9982 0.0803746713949828
10036 0.028792922492301552
10039 0.033714230642280914
10043 0.031545978673387244
10127 0.05412957465955761
10135 0.040226680248841164
10137 0.026261454681991096
10145 0.04539688979413864
10172 0.06243337604461414
10175 0.04432634116648931
10229 0.04739847377287452
10272 0.03938400304970369
10288 0.03516206661538848
10309 0.024277672297419783
10331 0.03385997129976111
10343 0.06243337604461414
10353 0.0497259692269007
10382 0.06052102214058712
10395 0.06243337604461414
10414 0.05200399526848702
10461 0.016749771604792414
10491 0.06349470452387444
10528 0.0659998205149209
10554 0.06365821116227048
10590 0.05550364338532603
10606 0.033992324441556844
10687 0.05856683458691075
10702 0.03938400304970369
10715 0.04837169741321394
10740 0.020150092527678173
10771 0.017798145419522682
10784 0.019684625096707823
10803 0.0497259692269007
10814 0.05356787989667661
10827 0.06243337604461414
10849 0.03278134589987048
10882 0.04571165808378034
10920 0.03659999191892596
10959 0.040892911101124266
11002 0.02593779388621989
11012 0.07082833350784935
11182 0.054714201982441105
11219 0.05302738629334693
11302 0.04603350040698718
11327 0.03075666265787241
11370 0.07044784676778496
11501 0.05662127001469838
11549 0.03456525606704763
11660 0.0888263766499635
11663 0.01849462207113952
11687 0.026098709968615283
11707 0.04678946883591481
11730 0.05532371442133648
11745 0.026931583038900635
11781 0.07044784676778496
11789 0.07849894598279465
11807 0.03839592987421375
11816 0.049702752773722415
11853 0.05596032503418502
11878 0.011112437219530733
11934 0.011603834509225308
11960 0.03643591742150819
11965 0.061445302869124196
11971 0.09162399094879103
11972 0.03062909726336218