241
t_index tf-idf
24 0.08938752671071411
39 0.0553599509369226
101 0.03802798385923812
102 0.04460410662961404
193 0.06878869197422242
238 0.05643950149935155
326 0.040473095151512074
332 0.0344928200656694
333 0.01509672645600319
362 0.0389952816879332
363 0.035884932853433534
379 0.03260089471776922
443 0.05187384993894571
472 0.12312365202551574
483 0.04441186050865776
558 0.03843625022933702
574 0.03181939405871273
615 0.05291858470379566
629 0.0406277096073084
635 0.1720841653493769
728 0.03427261023129059
753 0.020310381294833958
835 0.10195761393765831
960 0.06475699601256021
1027 0.08936514748771329
1184 0.0553599509369226
1433 0.04539410452404522
1436 0.05467431904334697
1488 0.0200584065356579
1517 0.057986570973990244
1551 0.07455496915440409
1584 0.03260089471776922
1594 0.03405503770386277
1667 0.08722537260804412
1696 0.04366259601447494
1719 0.05339303455251891
1723 0.06940656037296117
1742 0.06012634585365942
1758 0.08199902682290619
1836 0.10718395972279623
1849 0.061058195692766604
1884 0.03210853155013734
1891 0.06475699601256021
1945 0.10195761393765831
1987 0.11455008038760334
2006 0.06307884169376148
2115 0.07896803356355345
2133 0.06058629672206052
2231 0.11088635737383093
2300 0.01740870251975392
2326 0.05387491733763534
2393 0.03829913947361323
2407 0.040016993650410025
2444 0.08722537260804412
2567 0.015914675678124435
2772 0.0835797702439792
2831 0.10718395972279623
2865 0.050221157556900625
3013 0.05571272102895438
3147 0.061058195692766604
3192 0.03280163807410019
3240 0.10866654937710521
3299 0.15541571377152086
3317 0.040783651242043834
3435 0.04580237089414413
3460 0.08531127875354948
3465 0.10680176296677939
3496 0.0835797702439792
3501 0.0521645295626152
3535 0.05719657307955907
3595 0.04895021365836761
3634 0.057986570973990244
3668 0.029743475444787486
3706 0.05643950149935155
3714 0.0883134929824333
3722 0.0376286911069556
3823 0.03537193141811371
3958 0.05371344948470449
3977 0.04460410662961404
3994 0.07677268103776827
4025 0.1476853937046006
4041 0.06012634585365942
4082 0.06012634585365942
4085 0.06012634585365942
4177 0.0756713081437065
4238 0.05187384993894571
4244 0.05865800560069723
4268 0.040940943037598876
4296 0.019859313157884875
4317 0.05199109065721852
4336 0.02087734355588721
4370 0.056814093923016146
4431 0.04276748448697758
4438 0.05245993589085145
4555 0.03587326279287656
4578 0.10195761393765831
4646 0.030527788129064336
4660 0.08372269650654023
4678 0.06475699601256021
4693 0.03460393410562711
4745 0.037760815972234546
4814 0.04738134834678955
4845 0.028828691918724843
4851 0.08936514748771329
4884 0.039572063112670176
4910 0.06475699601256021
5011 0.06700132708815773
5049 0.061542680108312625
5055 0.13883642107386296
5116 0.047762399258318856
5184 0.06535269163879734
5243 0.08936514748771329
5250 0.029321946350806087
5734 0.10718395972279623
5843 0.023928457061343812
5869 0.040473095151512074
5876 0.04944797325820905
5911 0.07919855771850494
5956 0.04895021365836761
5959 0.04460410662961404
5983 0.06507822870709853
5995 0.02087734355588721
6113 0.03611389000474347
6229 0.0406277096073084
6335 0.0756713081437065
6410 0.025570589324444653
6456 0.044994811771762705
6504 0.09459149327285121
6743 0.0417485021599803
6755 0.12714254683754836
6772 0.02605140991242963
6813 0.11397514402368314
6821 0.051587748137878225
6859 0.026761152080147753
6998 0.028348476587653854
7021 0.030001168969698944
7070 0.035437187606359034
7113 0.09459149327285121
7146 0.05839483734408915
7161 0.08054488383681264
7165 0.050221157556900625
7239 0.057986570973990244
7246 0.05245993589085145
7248 0.05758727822170773
7268 0.020008428267824195
7269 0.014387130212780127
7331 0.025570589324444653
7356 0.0385744036624164
7462 0.12714254683754836
7590 0.11792927002136058
7617 0.05967775296555944
7627 0.04708528651561442
7634 0.037367289634506036
7668 0.08054488383681264
7755 0.07068635872477143
7812 0.06535269163879734
7860 0.029489386143456926
7866 0.045804709222927134
7868 0.03942614193538674
7932 0.02982896778561739
7958 0.06940656037296117
7963 0.21104766770521624
8010 0.06866494356944061
8016 0.02217942344886977
8085 0.08054488383681264
8087 0.021349002818865818
8089 0.029156035710035277
8090 0.0401677587389073
8127 0.10932153580659827
8139 0.05187384993894571
8176 0.05758727822170773
8179 0.08199902682290619
8199 0.06362118312922707
8209 0.03871361575281375
8238 0.06307884169376148
8258 0.07098730379403417
8275 0.03230387847425876
8277 0.13875620379075987
8312 0.050360081589395894
8381 0.046009997027181754
8427 0.05467431904334697
8619 0.04348001066955057
8624 0.08531988814618631
8692 0.030899456419155286
8751 0.06596858414193388
8777 0.02795777144550519
9034 0.08183597735037114
9035 0.0926825229924782
9077 0.025843934653701033
9182 0.043847035049406534
9183 0.018865304171738248
9304 0.04708528651561442
9312 0.05415173251622974
9314 0.03181939405871273
9360 0.037367289634506036
9361 0.04441186050865776
9391 0.07989332097454233
9538 0.05719657307955907
9801 0.07365066214271163
9831 0.04109960857801448
9861 0.0447984088978081
9887 0.0401677587389073
9892 0.041584092993560515
9904 0.06475699601256021
9938 0.032402345321817676
10036 0.028303376728704845
10153 0.07017974467165275
10223 0.061058195692766604
10283 0.04441186050865776
10355 0.05245993589085145
10462 0.0389952816879332
10535 0.10030198920419812
10545 0.11455008038760334
10666 0.034163498258253815
10667 0.028586997592469552
10685 0.03802798385923812
10715 0.06136090841515468
10725 0.044033365799745657
10740 0.01509672645600319
10784 0.05240344186423007
10807 0.029489386143456926
10810 0.034163498258253815
10820 0.051587748137878225
10897 0.049959756084451065
10920 0.022123265478649824
11012 0.0530655616014571
11192 0.040854849776903915
11517 0.03551819437850635
11535 0.047762399258318856
11596 0.04366259601447494
11599 0.06475699601256021
11607 0.04944797325820905
11643 0.05065026822605009
11663 0.023460967296344632
11689 0.03287951924928594
11707 0.03505531357075531
11769 0.09443059106364528
11798 0.0756713081437065
11836 0.05967775296555944
11878 0.029582984432910416
11934 0.024922791893809394