246
t_index tf-idf
55 0.06599975820079206
66 0.03921182803554692
74 0.061622805249744034
82 0.03822325054616997
102 0.044198063514146846
144 0.05056418861977391
221 0.03484977150110078
280 0.10102946650153498
324 0.040104657738688536
333 0.02532829139697073
379 0.03230412005152285
421 0.06665443794924264
473 0.05002678426348653
481 0.03124771672678451
663 0.041044090482747715
933 0.0350790957364647
940 0.08643133670602153
952 0.11242554621248436
1006 0.039952743680787946
1205 0.17982617442608734
1340 0.08561261339887147
1379 0.056954406901342805
1488 0.01987580949479174
1539 0.03473619567306607
1558 0.04622285944401316
1645 0.04643845135051722
1850 0.029137787452848334
1899 0.11350730036055715
1949 0.09469047110586662
2046 0.044198063514146846
2057 0.05289022061306811
2139 0.06536805447209028
2172 0.03822325054616997
2175 0.07847759205981422
2188 0.07146079070248261
2211 0.02809041282128402
2224 0.0885516326425128
2317 0.017684023555261146
2326 0.03152973360203854
2398 0.04755692959548687
2403 0.05417660409022046
2423 0.04237816063422142
2515 0.059787361923890954
2527 0.08281892123557498
2567 0.015769800127815682
2571 0.08643133670602153
2638 0.039652708251570634
2689 0.11692325767530745
2690 0.03172022965512467
2696 0.07684419533333353
2738 0.04710116578289026
2832 0.04186622919718293
2974 0.0909554259188364
3254 0.03200980762633703
3281 0.04916569051455655
3368 0.06536805447209028
3397 0.0625046181225087
3493 0.1151214641506312
3503 0.02265905232524259
3507 0.07790139528563592
3517 0.04778921293483205
3582 0.040104657738688536
3784 0.07515981414852563
3793 0.030787289862995015
3809 0.03921182803554692
3924 0.029220936372176123
3958 0.053224481584229176
4180 0.045385419658508466
4188 0.04220589416145713
4244 0.0581240260830941
4296 0.019678528517299506
4336 0.04341460418684187
4536 0.04169877023119829
4576 0.061622805249744034
4587 0.04732760536012295
4845 0.02856625662372554
4872 0.025676838665051542
4903 0.04778921293483205
4985 0.11400608163094611
5107 0.06733382835226577
5155 0.07847759205981422
5215 0.04826296946159968
5232 0.06536805447209028
5250 0.029055020828752505
5262 0.039802100885133536
5345 0.15121935626757332
5459 0.0427277193657298
5476 0.06816249010832556
5482 0.13757255599028972
5621 0.08381918185484347
5682 0.056256929751230755
5722 0.1253546383404167
5836 0.04755692959548687
5843 0.02371062991519803
5869 0.06790308817758209
5871 0.05913449041488368
5892 0.039462692233560616
5898 0.0525824915977107
5903 0.031062130453908668
5956 0.04850460676791524
5995 0.020687291512237863
6047 0.029304471134738476
6084 0.02938839533816076
6091 0.028972633000600375
6113 0.035785135602577504
6239 0.030787289862995015
6266 0.05151780184992788
6282 0.020791347923527295
6287 0.06665443794924264
6288 0.1710577563605494
6390 0.05870069330303533
6410 0.025337813408992594
6442 0.043265123722017185
6482 0.05259275860022068
6483 0.10102946650153498
6523 0.04710116578289026
6616 0.12090511685317408
6639 0.056595819907841745
6727 0.0909554259188364
6768 0.06954087968090655
6772 0.02581425695853249
6817 0.05745870370542116
6859 0.026517538153422445
6958 0.03439970533344157
6984 0.021537087471629725
6985 0.07723560246220004
6988 0.05667589737316902
7021 0.029728060302434963
7030 0.05140162840527861
7031 0.04643845135051722
7060 0.01808358467147353
7079 0.04690570396472138
7108 0.03097004990004914
7185 0.07937057331530833
7267 0.038640297206424125
7273 0.05168966189456908
7339 0.10203227063485214
7356 0.03822325054616997
7376 0.07498245198153086
7456 0.07981166221128794
7492 0.08643133670602153
7599 0.12621163520735146
7608 0.08327437402227915
7634 0.037027125200191684
7683 0.041044090482747715
7721 0.02494729214988548
7773 0.11350730036055715
7860 0.029220936372176123
7866 0.045387736700858994
7935 0.0927545992261222
7937 0.06721917212529803
7988 0.02762682387966636
8016 0.05244482780841648
8087 0.032603051279772
8164 0.05520555322475197
8167 0.11400608163094611
8173 0.0720568335009346
8174 0.042552091543122963
8209 0.0383611953516654
8277 0.08338684066424883
8506 0.0383611953516654
8570 0.057063045821884394
8579 0.04088407423776439
8585 0.0909554259188364
8587 0.121982907912462
8614 0.051982379059970135
8619 0.04308420050033422
8641 0.0216461890724261
8692 0.01808358467147353
8777 0.02770326437256864
8847 0.030606366641312055
9011 0.03097004990004914
9017 0.029220936372176123
9034 0.06542371027105534
9035 0.07386037147141421
9077 0.012442011349908287
9126 0.0548559944932436
9183 0.028810080008802707
9223 0.05417660409022046
9330 0.06304202247879609
9366 0.05168966189456908
9370 0.09469047110586662
9371 0.07754490534004849
9396 0.060034763454509046
9397 0.02793455289502377
9645 0.04665665655586152
9707 0.06590371299268867
9724 0.029900326775199257
9892 0.04120554187015851
9912 0.04850460676791524
10036 0.01175283484525965
10082 0.03768180494864226
10110 0.019531973767314862
10144 0.04732760536012295
10145 0.09661613514748653
10175 0.05571738611543471
10216 0.04899783512895502
10331 0.07740921927169919
10342 0.06599975820079206
10385 0.09373040160377824
10461 0.021054151262886154
10524 0.0885516326425128
10554 0.033531985121908324
10571 0.06050236660263891
10634 0.040257864697730156
10687 0.0350790957364647
10725 0.04363251829074152
10763 0.09373040160377824
10771 0.03787898314234831
10784 0.024743207496674868
10798 0.05913449041488368
10807 0.029220936372176123
10880 0.06665443794924264
10882 0.05745870370542116
10897 0.04950495905921385
10920 0.0219218714744194
10928 0.06475776860317788
10963 0.12598513421957933
11002 0.03260332431934705
11076 0.12598513421957933
11176 0.12598513421957933
11189 0.0525824915977107
11205 0.06416749575359125
11323 0.023793864039334926
11327 0.022833545216787716
11372 0.10620823546280042
11459 0.037027125200191684
11491 0.10102946650153498
11501 0.0420352605708228
11535 0.04732760536012295
11549 0.09118026277341064
11563 0.03230412005152285
11616 0.03143523622478417
11683 0.0909554259188364
11689 0.019242395796102502
11704 0.029220936372176123
11712 0.08198697991231689
11713 0.06842411869231096
11769 0.03921182803554692
11814 0.09701250121897895
11863 0.02702671134192579
11934 0.03480602202486754
11943 0.05029348112703694
11971 0.04826296946159968
11972 0.10748331293281964
11973 0.07723560246220004