241
t_index tf-idf
77 0.030386344231900245
101 0.04962404763561231
102 0.034377082607399204
113 0.03772669526949576
132 0.04634031515205778
221 0.02710601728871817
332 0.026584155907573084
333 0.01163528319912057
341 0.034526834404469776
363 0.016334716393182118
379 0.025126019451397193
478 0.05752074806770872
535 0.04228295493411558
558 0.02962341921170362
563 0.02920542818493037
565 0.058321060719082676
580 0.03230409350549344
615 0.024088384854881486
661 0.017851059373426383
668 0.06965236486782213
709 0.04500581446217306
818 0.06441623615160792
826 0.03891063902964781
829 0.07858032772393014
1080 0.04138132199184933
1139 0.16591276109019512
1145 0.04020401881022177
1175 0.020403863741458327
1315 0.24771724605297965
1341 0.05322001448934899
1360 0.06722595891242616
1488 0.015459327639381407
1551 0.0712210327765
1555 0.05536238272837126
1594 0.06263247198618707
1624 0.044383416015971844
1669 0.04781553722299128
1702 0.028405115533556412
1709 0.07858032772393014
1719 0.07484383438646662
1723 0.05349272162874328
1763 0.08828553856864758
1849 0.04705850639760132
1912 0.04103162442704965
1925 0.020569565788466953
2041 0.03628936675229052
2046 0.08203383837778941
2049 0.03514239109165069
2058 0.13374112265210297
2061 0.07858032772393014
2102 0.07074477797884068
2119 0.042938665468613246
2172 0.05033708996891954
2182 0.05752074806770872
2203 0.05292114595905517
2231 0.05183093023082863
2274 0.05349272162874328
2300 0.022717225459866396
2304 0.05349272162874328
2306 0.036811228133435604
2326 0.041522241419651086
2377 0.04565717188365382
2398 0.1032660538781901
2477 0.05536238272837126
2526 0.16591276109019512
2579 0.026584155907573084
2671 0.0754559476862101
2701 0.07183322272790535
2702 0.0754559476862101
2785 0.03393720372318063
2913 0.07858032772393014
2939 0.04946469518977784
2980 0.04705850639760132
3118 0.05349272162874328
3122 0.0727014803751892
3147 0.04705850639760132
3182 0.07858032772393014
3267 0.040663130746305794
3296 0.06575073684149266
3503 0.029840234391590243
3521 0.0298371891587666
3536 0.04634031515205778
3555 0.038306156976878364
3592 0.05332007713857358
3594 0.0688751168792127
3634 0.04469115718527123
3658 0.06575073684149266
3668 0.022923761726408934
3722 0.04910299654247084
3786 0.04634031515205778
3797 0.038702263126268954
3860 0.06007355243574066
3864 0.03811032637827385
3866 0.04781553722299128
3980 0.03345658124637228
4039 0.03179947458441943
4065 0.03663510430734035
4087 0.0754559476862101
4137 0.03791719697762436
4188 0.05558192621681267
4245 0.07074477797884068
4266 0.06319793247346071
4336 0.027243576597624733
4370 0.04378751078402584
4431 0.03296156919648665
4454 0.06202862356749282
4473 0.04599457759700795
4483 0.044082293452116644
4497 0.23383477276702522
4523 0.16591276109019512
4536 0.032433141972521846
4755 0.04946469518977784
4872 0.019971345658680438
4883 0.06103956713412325
4976 0.05408862686068928
5055 0.06319793247346071
5076 0.07858032772393014
5088 0.04404838406386508
5117 0.07463781087106744
5180 0.04599457759700795
5257 0.08828553856864758
5285 0.019144439154000346
5293 0.06944797034502428
5329 0.026842655426164947
5408 0.04321593511433773
5430 0.05676371724231876
5456 0.06722595891242616
5515 0.039979987477901824
5548 0.06319793247346071
5596 0.029729896223358695
5644 0.022104322758598065
5843 0.02599190860626486
5845 0.02701767844959
5848 0.02430435303721963
5876 0.03811032637827385
5913 0.03549514564942199
5933 0.0688751168792127
5934 0.06722595891242616
5969 0.050843019576021706
5973 0.08260835416289558
6047 0.022792904142567297
6257 0.0754559476862101
6280 0.11132567470291223
6282 0.016171429883064924
6323 0.05184356366195673
6331 0.07858032772393014
6482 0.040906443929881554
6613 0.02445020497643794
6724 0.06319793247346071
6802 0.04910299654247084
6958 0.026755957566769857
6963 0.16591276109019512
7057 0.05981609228087433
7058 0.06722595891242616
7060 0.03356404657312428
7190 0.07290314331817815
7196 0.04861584987436524
7230 0.04781553722299128
7268 0.04748747862970359
7269 0.018774269960286607
7338 0.04565717188365382
7356 0.029729896223358695
7390 0.024088384854881486
7433 0.05536238272837126
7590 0.03483123029611463
7605 0.17430922670566887
7721 0.024050642836048367
7733 0.06103956713412325
7744 0.07290314331817815
7866 0.020850169559592704
7885 0.059169906034495276
7886 0.049909229654939206
7932 0.038924864483843254
7987 0.058321060719082676
8010 0.05292114595905517
8087 0.020394321756864613
8127 0.09967162736619602
8147 0.05349272162874328
8148 0.0335107242696203
8154 0.06103956713412325
8164 0.042938665468613246
8173 0.056045525996775224
8200 0.0848504479654608
8348 0.050843019576021706
8357 0.05349272162874328
8480 0.0335107242696203
8507 0.02850268846888187
8610 0.08828553856864758
8624 0.06575737223505258
8641 0.016836322017592314
8847 0.02380551342490286
8886 0.058321060719082676
8891 0.058321060719082676
8894 0.1233789427279907
8957 0.2651686927460153
9000 0.06575073684149266
9011 0.024088384854881486
9077 0.018876247966206888
9171 0.06399308472040006
9183 0.008587431236811539
9312 0.02961264668785468
9361 0.10540594436404499
9389 0.06457457913699509
9522 0.08260835416289558
9546 0.02474654745732559
9786 0.04861584987436524
10246 0.08828553856864758
10330 0.041881434424453
10361 0.08302150947378759
10461 0.016375837302492886
10462 0.030054273500342968
10607 0.023597048141497375
10685 0.04962404763561231
10740 0.027765210688094424
10747 0.07858032772393014
10784 0.019245170952183296
10890 0.04240007370005943
10920 0.0357829066018667
10922 0.06144323900094652
10952 0.0397594843450604
10959 0.039979987477901824
10964 0.059169906034495276
11109 0.07290314331817815
11163 0.06722595891242616
11207 0.06441623615160792
11231 0.0754559476862101
11493 0.08260835416289558
11502 0.04946469518977784
11604 0.039118074817111034
11615 0.018994687356929777
11618 0.07858032772393014
11674 0.0635586299239846
11678 0.044082293452116644
11704 0.038481732509002664
11745 0.044581145065225425
11759 0.05070181824597965
11778 0.02850268846888187
11854 0.017356567356466897
11878 0.010864354943749514
11934 0.038548380845119794
11955 0.059236356405730196