323
t_index tf-idf
162 0.04410908994946481
185 0.041198820015842914
186 0.07731010998544016
193 0.03154237221379884
217 0.13472332871582432
221 0.04623152964945955
227 0.02627258956043021
238 0.0438182654415144
303 0.07600333271454017
326 0.03142233328565103
379 0.025310547053476167
387 0.06366206340984859
438 0.026779392186539082
444 0.020118016902480728
455 0.05874937549874812
473 0.0663652775993507
563 0.04981224665634458
581 0.025466399345570427
625 0.07468318128500137
628 0.03762762130000249
709 0.04533634095238694
728 0.05584077102637232
792 0.05645712905787469
841 0.044709371559600364
866 0.026608426591179363
906 0.06253310192610309
921 0.049393949556618584
933 0.05767986266217579
935 0.027944233844614797
951 0.07343855014004047
1012 0.07915742826600071
1016 0.08321503687023235
1023 0.11786850330039926
1045 0.042447820427736205
1093 0.04856403437582342
1117 0.036384913321371254
1155 0.0648525276137196
1329 0.03508703378366806
1379 0.07357906015386365
1389 0.13910862186186448
1500 0.02164584655545914
1537 0.060514737662106334
1558 0.03621599526741354
1562 0.06366206340984859
1584 0.025310547053476167
1689 0.03621599526741354
1696 0.057395293110567264
1778 0.03899049343364012
1850 0.022829699096686557
1884 0.052314811920783
1928 0.0843660836599369
1933 0.04533634095238694
1934 0.05576896872779732
1981 0.061487846853757556
2001 0.03588410962733961
2111 0.09948284364551653
2115 0.061308873469089004
2222 0.02627258956043021
2243 0.0522243071579281
2269 0.06253310192610309
2300 0.013515696059287518
2317 0.013855579708604945
2359 0.05794318528388834
2393 0.029734526617951215
2407 0.03106822709915694
2416 0.045660596357531495
2422 0.07343855014004047
2423 0.03320364173552744
2438 0.05511282768257882
2515 0.07219469125824904
2533 0.03333991805095671
2567 0.029484503594999135
2579 0.026779392186539082
2585 0.034041778711322516
2591 0.023292182789479407
2597 0.04440603752628628
2639 0.02775864578644386
2669 0.07126433358394944
2694 0.12869629077286174
2714 0.043118362250966207
2754 0.03166344153161163
2760 0.02219425429718148
2827 0.024556116489081042
2888 0.03762762130000249
2907 0.08089899561756413
3013 0.043254010642595986
3020 0.049827968075425055
3097 0.049393949556618584
3110 0.05960445480561694
3113 0.06253310192610309
3168 0.06253310192610309
3182 0.07915742826600071
3192 0.025466399345570427
3199 0.05121641499199541
3201 0.06802133056329168
3254 0.02507995081763358
3324 0.03254133748771013
3372 0.07370831222774987
3428 0.050275767239121597
3475 0.09610467382088309
3570 0.05794318528388834
3582 0.03142233328565103
3592 0.03811003135661637
3632 0.02562399304008964
3668 0.023092115762359058
3714 0.03267133369754432
3726 0.061487846853757556
3745 0.07601010251825847
3774 0.0438182654415144
3784 0.03478040238296947
3797 0.03898649580480901
3806 0.0889339149961926
3822 0.06488931441277071
3857 0.054485858289792244
3866 0.04816669855369646
3878 0.0741907725893274
3912 0.04533634095238694
3929 0.09831251188859924
3958 0.024629769340119536
3998 0.0450193728059542
3999 0.04567815474964037
4039 0.03203301260279854
4040 0.05511282768257882
4103 0.057180594760386255
4120 0.035559854222195056
4152 0.12066100548214742
4180 0.035559854222195056
4208 0.022508398439415583
4227 0.03154237221379884
4238 0.04027360387164518
4264 0.05121641499199541
4267 0.02652371469135105
4268 0.03178555908166623
4336 0.03401570388936515
4414 0.060514737662106334
4436 0.04157711939898915
4476 0.09871397304613859
4546 0.06366206340984859
4555 0.04715606997227045
4561 0.0477802500257596
4598 0.06253310192610309
4646 0.02370103718221222
4660 0.03839021182350457
4664 0.036384913321371254
4693 0.026865658442756846
4699 0.06488931441277071
4745 0.029316585256844625
4746 0.04633236564692285
4814 0.03678573416989407
4818 0.09225257734375047
4845 0.03789585076711687
4860 0.06020806691743223
4872 0.020118016902480728
4884 0.03072279377873783
4896 0.07126433358394944
4903 0.03744324627033567
4910 0.050275767239121597
4936 0.03839021182350457
5088 0.01859447008197638
5099 0.04599248199760543
5113 0.11546907857126991
5114 0.09195755032368327
5174 0.04027360387164518
5250 0.02276485075751825
5480 0.06938094153580883
5507 0.08321503687023235
5612 0.08321503687023235
5640 0.07343855014004047
5661 0.06366206340984859
5662 0.06488931441277071
5679 0.05171136012356567
5682 0.02100329496010487
5751 0.08321503687023235
5787 0.05960445480561694
5833 0.05423660497326954
5843 0.010972156577910295
5903 0.02433743786182494
5913 0.021117966233388377
5916 0.0477802500257596
5979 0.0450193728059542
5995 0.01620866516080172
6047 0.022960297149405475
6055 0.04353331657994055
6130 0.053885576679656697
6145 0.08321503687023235
6191 0.01859447008197638
6215 0.046680642327682806
6234 0.04410908994946481
6527 0.07343855014004047
6600 0.019184290749020994
6639 0.04434329616540549
6687 0.02832290058536227
6830 0.07343855014004047
6844 0.04874064388488818
6859 0.020776711952038097
6958 0.02695245557158408
6984 0.016874487371149393
7021 0.048881261031905335
7031 0.06160501340499774
7060 0.02398959146350023
7079 0.036751009635365005
7213 0.06804784629608941
7327 0.04353331657994055
7333 0.027039790147357204
7363 0.03178555908166623
7381 0.08321503687023235
7390 0.02426529198113063
7540 0.05073825093191445
7560 0.12903915101103838
7591 0.04096176420172256
7606 0.036248233682895634
7648 0.057180594760386255
7721 0.03012446103213361
7829 0.053885576679656697
7860 0.022894846967352438
7868 0.030609504102006413
7875 0.05121641499199541
8011 0.047037737069950965
8065 0.053885576679656697
8084 0.040728626845447376
8095 0.04856403437582342
8164 0.043254010642595986
8172 0.08321503687023235
8206 0.03572105013584327
8244 0.06400162480200475
8275 0.02507995081763358
8283 0.06771967201408023
8288 0.08447596525676158
8294 0.07126433358394944
8369 0.08321503687023235
8381 0.03572105013584327
8385 0.08321503687023235
8407 0.08321503687023235
8461 0.02652371469135105
8529 0.050889766672737306
8539 0.03781443845398031
8588 0.02775864578644386
8631 0.04005148134523317
8692 0.033810543756738504
8711 0.08908153590729849
8712 0.0438182654415144
8885 0.040728626845447376
8947 0.042980128465719324
8956 0.049393949556618584
8974 0.034041778711322516
8991 0.06857124260840071
9009 0.04816669855369646
9023 0.07126433358394944
9030 0.04193487339337379
9035 0.046689325949301065
9077 0.019563632094757383
9143 0.07915742826600071
9211 0.03690415559749092
9258 0.060514737662106334
9300 0.02695245557158408
9327 0.07601010251825847
9360 0.029011060915439646
9397 0.02188695480141975
9405 0.020946307048545942
9474 0.05511282768257882
9479 0.07343855014004047
9483 0.05511282768257882
9573 0.02775864578644386
9637 0.07343855014004047
9667 0.10246035745492008
9686 0.08321503687023235
9699 0.06623361578806658
9724 0.023427155005335553
9732 0.09026134317075599
9831 0.05402619854034102
9892 0.03228488516960747
9957 0.042711463410752694
10036 0.025707760638702545
10052 0.02822727656537583
10110 0.03211603779309624
10175 0.02578336749200317
10207 0.06623361578806658
10358 0.03375682984974866
10359 0.09752421200995418
10406 0.05645712905787469
10435 0.03655587891673097
10523 0.06771967201408023
10526 0.09221673083996054
10585 0.11224588672986405
10610 0.053309803310132436
10631 0.13402517648895523
10639 0.07601010251825847
10667 0.02219425429718148
10685 0.029524007949802072
10687 0.027484763609567194
10715 0.022700299208126027
10771 0.01752859943140819
10788 0.03726125033975908
10799 0.0477802500257596
10814 0.05275661519591121
10816 0.04633236564692285
10829 0.03781443845398031
10849 0.054663062299622485
10866 0.07370831222774987
10890 0.042711463410752694
10905 0.047037737069950965
10952 0.04005148134523317
10959 0.04027360387164518
10970 0.05576896872779732
10978 0.04534145237774768
11192 0.0255904622507086
11327 0.03029086496761831
11529 0.0889339149961926
11559 0.05171136012356567
11607 0.06500027891006584
11616 0.024629769340119536
11663 0.018214528215096455
11676 0.046680642327682806
11687 0.07175786433394545
11713 0.05361086675607291
11833 0.08547359679843373
11839 0.05960445480561694
11854 0.029603045324084466
11857 0.0489500239195291
11863 0.0211756533850636
11890 0.09123621222800747
11955 0.035242886075762314
12005 0.05171136012356567