1181
t_index tf-idf
20 0.04031462884139221
23 0.03493824733002311
24 0.032548572356580235
36 0.022129631910902236
40 0.029714138052777152
48 0.04877647910913104
55 0.017277531228376577
66 0.010264940385762863
69 0.02780337617808553
73 0.046441517471921386
74 0.009527656588233499
77 0.0214626938699654
86 0.028441280427800305
100 0.010458898569053465
101 0.027539055243812345
102 0.02428145993852517
103 0.02002624778725982
107 0.027778871350372332
114 0.022657345179253628
118 0.026447669052907952
127 0.04295293349604891
146 0.018633238353554158
156 0.035375322656768494
162 0.014737500178608734
163 0.028973410079766043
166 0.02453690717821633
180 0.03920632067341638
184 0.049024031899508644
192 0.01622596308624006
193 0.017843694940027393
201 0.01647425421900403
205 0.04459873955557364
206 0.034936140273298
211 0.014270532454098971
221 0.023805989900686414
227 0.008778061251840726
252 0.021498939719012636
308 0.012826738303917116
315 0.02861026731412791
319 0.02370722762340715
324 0.010498666894740685
325 0.01571600455289294
326 0.010498666894740685
332 0.024978964985875523
333 0.01452098676512167
341 0.011620647510940439
362 0.034370811784421834
363 0.017577548601193097
379 0.008456628603053185
417 0.035375322656768494
444 0.016040020147848093
453 0.032980607052646355
464 0.03478401606387721
465 0.022626145303524713
467 0.019590128989897915
469 0.035375322656768494
473 0.013096098393846444
496 0.04179329931370204
502 0.019359676303655513
504 0.021270438178347135
509 0.013608037393130394
511 0.012892648729749405
513 0.03371857073428362
535 0.021932652237142886
574 0.02942476535638884
580 0.022817251866951046
582 0.04707520798597307
613 0.020218870036210614
615 0.013727010283410805
622 0.017277531228376577
626 0.022129631910902236
628 0.021286154105505013
658 0.022129631910902236
659 0.032980607052646355
665 0.013381793053431157
675 0.019914731053169557
676 0.026447669052907952
692 0.012826738303917116
696 0.006867299377149105
709 0.015147542913461898
728 0.01865722856485269
753 0.015520485834363718
760 0.044779796289313625
767 0.032980607052646355
769 0.01571600455289294
782 0.026447669052907952
798 0.04972568835811974
816 0.03048336965342807
826 0.022173622071876734
827 0.022129631910902236
866 0.024819493718173397
873 0.020218870036210614
874 0.025830452657808905
916 0.023281644667053573
920 0.02964855818335246
935 0.009336582363134692
942 0.009213372243626342
956 0.0205711387798006
973 0.01962903639358484
1000 0.0301918379468985
1006 0.030810975442514696
1034 0.030000362694456995
1035 0.023181200053038753
1036 0.03298180028346508
1037 0.05584102184434362
1041 0.031251145749907026
1045 0.024012967491716962
1063 0.0819062480610249
1080 0.01392765264173061
1117 0.020583147308174368
1137 0.021680480913200295
1175 0.006867299377149105
1183 0.03323484762690673
1192 0.042062653330922434
1215 0.054519600637809126
1217 0.022129631910902236
1218 0.03323484762690673
1226 0.03746872387677352
1228 0.023810469228114976
1240 0.01962903639358484
1242 0.01622596308624006
1253 0.032980607052646355
1276 0.023281644667053573
1293 0.02780337617808553
1314 0.028446740536158446
1331 0.05681878845466944
1367 0.022626145303524713
1379 0.03518587419121579
1382 0.01744891442896389
1409 0.023810469228114976
1431 0.02967938776706121
1446 0.025647019576338793
1453 0.04375699827076211
1488 0.018132401075970018
1494 0.01583841451642223
1500 0.007232197894871484
1507 0.019335296210547918
1518 0.029059660487360753
1537 0.034233522795917966
1539 0.00909330157953815
1550 0.013845693730239217
1555 0.018633238353554158
1558 0.012100300353815758
1578 0.0606025723978056
1584 0.01774718470706964
1594 0.02602367344063421
1600 0.025120741767412913
1625 0.026016910233106608
1627 0.01910488351629143
1664 0.03048336965342807
1669 0.016093207303786314
1670 0.03343451878918705
1671 0.026447669052907952
1686 0.014095974771325378
1696 0.019176617414627683
1702 0.02668997235794608
1706 0.016093207303786314
1709 0.026447669052907952
1715 0.020893235427453756
1728 0.029714138052777152
1742 0.04069860440042101
1757 0.03525223400336537
1760 0.029714138052777152
1774 0.008107393403845203
1776 0.04199263856224736
1778 0.03399393385578769
1797 0.026210476271401748
1842 0.016648262053300358
1851 0.03045326108041558
1855 0.026447669052907952
1856 0.040088055465147036
1883 0.04154459520845807
1884 0.01987523157372502
1912 0.006580517756741366
1925 0.01652048165998728
1927 0.017112162730108415
1954 0.03433868500661177
1993 0.015255881446329105
2014 0.03746872387677352
2015 0.02780337617808553
2022 0.05584102184434362
2023 0.023810469228114976
2030 0.027723704112413226
2034 0.017811594768896516
2041 0.025632157767818606
2046 0.011570245761753098
2049 0.028224671025541635
2050 0.02956500032689097
2057 0.029056743007415023
2067 0.02780337617808553
2071 0.019914731053169557
2079 0.01109382842784616
2098 0.022129631910902236
2100 0.022626145303524713
2103 0.026365527374253874
2115 0.009760832279768424
2119 0.024469033768536177
2122 0.022129631910902236
2124 0.03265866244530372
2130 0.03897994833324166
2141 0.029996319889054282
2148 0.013236781038770276
2167 0.04619788639651952
2169 0.01910488351629143
2172 0.010006148855157295
2198 0.014938063154329245
2208 0.04154459520845807
2211 0.015432265111758206
2218 0.014836714761622297
2222 0.01842174721379432
2223 0.027704234849391732
2228 0.03277878135008752
2233 0.04163824610950004
2252 0.03746872387677352
2263 0.032980607052646355
2274 0.03778335096275569
2275 0.025396100910771435
2277 0.01762676642758456
2281 0.026126748299786152
2287 0.015480329514374296
2300 0.015737121278266805
2307 0.01910488351629143
2317 0.018497660672436706
2322 0.03273141350456352
2323 0.021680480913200295
2325 0.03530937265953492
2337 0.040093743320862005
2371 0.02495275687591307
2377 0.03666963505732836
2378 0.018863162911033036
2398 0.04696697742446055
2399 0.026365527374253874
2402 0.020544000228245776
2403 0.024012967491716962
2406 0.029714138052777152
2427 0.032980607052646355
2465 0.0243140971017385
2466 0.044779796289313625
2479 0.022626145303524713
2481 0.010702703898357062
2522 0.029714138052777152
2533 0.011139360362993313
2544 0.020218870036210614
2567 0.006989727469619462
2585 0.037563148424272615
2591 0.022925848178291002
2593 0.04843122885455092
2598 0.049024031899508644
2600 0.012271683554403074
2609 0.011139360362993313
2611 0.030303439370608774
2613 0.019176617414627683
2623 0.038309394127602515
2639 0.009274574644463202
2645 0.032980607052646355
2646 0.03670824513136879
2660 0.032980607052646355
2689 0.03778641854878597
2690 0.014059516212382916
2714 0.008508701161911396
2716 0.03433868500661177
2738 0.012330224911294638
2742 0.020218870036210614
2761 0.01744891442896389
2764 0.011827824548978006
2773 0.011231765649664481
2785 0.027256722745912836
2787 0.020218870036210614
2790 0.020218870036210614
2803 0.032980607052646355
2809 0.03924918351179862
2817 0.016093207303786314
2821 0.035911794991093954
2827 0.02140929560446719
2832 0.040639540981096525
2833 0.012100300353815758
2864 0.03924918351179862
2865 0.02733925455362931
2868 0.02139183760586286
2869 0.015596693911163837
2877 0.032980607052646355
2879 0.04707520798597307
2880 0.060489902274118705
2914 0.0709066800808801
2915 0.021498939719012636
2979 0.01762676642758456
2987 0.023181200053038753
2990 0.016503250038639474
2991 0.0298447098792535
3026 0.015964089127555123
3030 0.019914731053169557
3042 0.025945087503949377
3118 0.03048336965342807
3122 0.014451805519024022
3171 0.01744891442896389
3192 0.014406483382517413
3193 0.017426407954846238
3199 0.017112162730108415
3203 0.01636256739371564
3208 0.03694474777276748
3223 0.029009556239140876
3224 0.03330096039920105
3246 0.04456789698945265
3252 0.030000362694456995
3254 0.008379582985680208
3260 0.05584102184434362
3261 0.01762676642758456
3267 0.013685932036472217
3281 0.010383983404526542
3297 0.028187957956768626
3307 0.01636256739371564
3324 0.010872542770361874
3330 0.029714138052777152
3345 0.01910488351629143
3347 0.029714138052777152
3351 0.022129631910902236
3357 0.02794243127299824
3358 0.021905970175815474
3364 0.019359676303655513
3368 0.028973410079766043
3369 0.05002604942148686
3370 0.017811594768896516
3379 0.04299933665428852
3387 0.029543580269231963
3388 0.01676121868053725
3408 0.029714138052777152
3418 0.032980607052646355
3420 0.032980607052646355
3421 0.023181200053038753
3433 0.018863162911033036
3462 0.012697620127685924
3471 0.019914731053169557
3484 0.03904590230506782
3492 0.0347089516044095
3493 0.0243140971017385
3496 0.04549892366867654
3503 0.010043285215386593
3507 0.012044530251709923
3509 0.02871442036829771
3511 0.03438346767527852
3514 0.031938111099258516
3517 0.02118185212841738
3518 0.019359676303655513
3521 0.010042260285709642
3531 0.027029552496527633
3532 0.026447669052907952
3536 0.05675726329518643
3539 0.025396100910771435
3542 0.029543580269231963
3545 0.01820453215419844
3554 0.023810469228114976
3555 0.021829151846724962
3559 0.03117763235385379
3564 0.015480329514374296
3565 0.018863162911033036
3586 0.020893235427453756
3595 0.012697620127685924
3599 0.01636256739371564
3600 0.01744891442896389
3607 0.018863162911033036
3621 0.013608037393130394
3632 0.008561355549108807
3636 0.032157485749703965
3640 0.01820453215419844
3647 0.010620026012323525
3648 0.019914731053169557
3659 0.022173622071876734
3660 0.036618506244541923
3668 0.01619167072310812
3674 0.014495635009744821
3706 0.0146403314035836
3714 0.010915976429225495
3722 0.03401558931923035
3727 0.030928129356767614
3738 0.025876361520884586
3741 0.02453690717821633
3782 0.026383639353504146
3784 0.024387233668740092
3788 0.013685932036472217
3793 0.008059550164209457
3796 0.02823894265182541
3797 0.021477969111290355
3798 0.025830452657808905
3803 0.01392765264173061
3809 0.01738005487277031
3823 0.01558646633873998
3827 0.022129631910902236
3832 0.023810469228114976
3833 0.01744891442896389
3865 0.029714138052777152
3878 0.024788235838440798
3896 0.021270438178347135
3912 0.015147542913461898
3914 0.029714138052777152
3922 0.023810469228114976
3924 0.007649507429356296
3947 0.018042166302244745
3958 0.02534125006759105
3959 0.02780337617808553
3964 0.022626145303524713
3972 0.023810469228114976
3977 0.03562989544618755
3979 0.053992642951680325
3980 0.011260433928889266
3994 0.019914731053169557
3996 0.01392765264173061
3999 0.00727230467846292
4001 0.022129631910902236
4039 0.029879374954582344
4041 0.04594645888460676
4043 0.020544000228245776
4065 0.03942249813047452
4067 0.02453690717821633
4094 0.03809501586550015
4100 0.035375322656768494
4120 0.02835173968405489
4150 0.01392765264173061
4157 0.021680480913200295
4188 0.01104873221167924
4192 0.057745900496519786
4208 0.022154391025627756
4209 0.05031040906682862
4211 0.055503403281059904
4227 0.017843694940027393
4244 0.02690095878154023
4267 0.021147259200909846
4268 0.025342508188154193
4296 0.025506229736312648
4297 0.040093743320862005
4302 0.03463392333405126
4317 0.02898617115599738
4326 0.04522166832642158
4332 0.04288642357709405
4336 0.016676885253353077
4338 0.05348117379331097
4362 0.032980607052646355
4387 0.029805512203662475
4388 0.017112162730108415
4389 0.041193736990290705
4393 0.02780337617808553
4399 0.016648262053300358
4405 0.062358455264738835
4431 0.023281644667053573
4436 0.013891531320883077
4454 0.012330224911294638
4464 0.05196625422606932
4467 0.03117763235385379
4473 0.026210476271401748
4480 0.024387233668740092
4483 0.06529931016132032
4498 0.016503250038639474
4530 0.10544640744418918
4531 0.032980607052646355
4539 0.019359676303655513
4543 0.018414011913331096
4552 0.032980607052646355
4555 0.02597865218113139
4557 0.044638402946434626
4561 0.033502433620480145
4576 0.024861828317989026
4577 0.016093207303786314
4582 0.025396100910771435
4587 0.03815274916195966
4604 0.023181200053038753
4628 0.025396100910771435
4630 0.08747283147907567
4632 0.023181200053038753
4663 0.012044530251709923
4664 0.020583147308174368
4668 0.015366769353684957
4693 0.01519805201606901
4697 0.02453690717821633
4700 0.021475960444392577
4705 0.055503403281059904
4707 0.02780337617808553
4723 0.020218870036210614
4732 0.053296569455600316
4749 0.015964089127555123
4752 0.01910488351629143
4771 0.021680480913200295
4776 0.023181200053038753
4777 0.016952401036341415
4778 0.0274910115665433
4799 0.016354927909042364
4814 0.012290658558591395
4821 0.032980607052646355
4830 0.04985740988608323
4838 0.029056743007415023
4845 0.02540988296633308
4849 0.032980607052646355
4850 0.02780337617808553
4851 0.023181200053038753
4872 0.011380873764755653
4876 0.006212687826210449
4884 0.010264940385762863
4909 0.02317229724088797
4910 0.03525223400336537
4911 0.0664731029343532
4914 0.029714138052777152
4926 0.03670824513136879
4939 0.08606084641826686
4942 0.032980607052646355
4970 0.04996894332107597
4973 0.04039495873178086
4984 0.018414011913331096
4994 0.03178881970131869
5004 0.029253403286362212
5008 0.08295472627879029
5011 0.010264940385762863
5020 0.016503250038639474
5046 0.04007219159114561
5053 0.019359676303655513
5083 0.014836714761622297
5124 0.02780337617808553
5139 0.032980607052646355
5156 0.035646615871228686
5171 0.011620647510940439
5175 0.029714138052777152
5176 0.032980607052646355
5186 0.02453690717821633
5201 0.011723097602922384
5203 0.020893235427453756
5209 0.044779796289313625
5211 0.020218870036210614
5215 0.02139183760586286
5218 0.020218870036210614
5227 0.02453690717821633
5229 0.011185336519154822
5231 0.0146403314035836
5233 0.020218870036210614
5234 0.016503250038639474
5241 0.042809897684432816
5249 0.025396100910771435
5250 0.007606073770492676
5260 0.03323484762690673
5261 0.053608293068639346
5273 0.029714138052777152
5283 0.027704234849391732
5285 0.006443416636379621
5293 0.03328274197361368
5299 0.02780337617808553
5300 0.018003969178477935
5301 0.023810469228114976
5327 0.02640749832174352
5328 0.0410099629523437
5329 0.030697925785372136
5379 0.029403787370039184
5430 0.01910488351629143
5449 0.05259094880017861
5459 0.03444458993475389
5466 0.025396100910771435
5476 0.017843694940027393
5485 0.021680480913200295
5497 0.015964089127555123
5518 0.022626145303524713
5520 0.03048336965342807
5531 0.03323484762690673
5541 0.021270438178347135
5550 0.032980607052646355
5596 0.038927638911408984
5605 0.018414011913331096
5608 0.044779796289313625
5644 0.004393959682642355
5649 0.04189004456277045
5668 0.029714138052777152
5682 0.03133835480040408
5715 0.03540476877320353
5758 0.020218870036210614
5766 0.04031462884139221
5768 0.021270438178347135
5775 0.014938063154329245
5787 0.03371857073428362
5789 0.05584102184434362
5806 0.02994831477400918
5834 0.028441280427800305
5843 0.012775528392565044
5845 0.015396297931376318
5848 0.008180081507571423
5869 0.048408491243844734
5890 0.014450934682037581
5892 0.01703371351703527
5893 0.03904590230506782
5898 0.023306401029983225
5899 0.029714138052777152
5903 0.00813149841101802
5907 0.05075752668353901
5908 0.029714138052777152
5910 0.020893235427453756
5913 0.014807441600916729
5922 0.016093207303786314
5924 0.021270438178347135
5925 0.021680480913200295
5930 0.04549892366867654
5940 0.025396100910771435
5944 0.07870143663604089
5951 0.055503887796664736
5953 0.03991106390783412
5959 0.027610012218042733
5976 0.05883237194902216
5980 0.0298447098792535
5983 0.01688120571796824
5995 0.022847554362435518
6013 0.00918306655315454
6015 0.032980607052646355
6020 0.05584102184434362
6031 0.01933945954885816
6032 0.017277531228376577
6036 0.021270438178347135
6042 0.015346272766713522
6047 0.025335369723253065
6054 0.03371857073428362
6057 0.03117763235385379
6063 0.031487296835470274
6066 0.040093743320862005
6076 0.025396100910771435
6077 0.021270438178347135
6084 0.018358586097229637
6085 0.013381793053431157
6091 0.02643129588917783
6095 0.029714138052777152
6112 0.013531409385632062
6114 0.03697041756089892
6130 0.018003969178477935
6191 0.021650637118617748
6234 0.030928298979076757
6239 0.019232459110015917
6240 0.030017459297125414
6260 0.032980607052646355
6266 0.019007542480053635
6274 0.023810469228114976
6282 0.01420263598208999
6331 0.026447669052907952
6338 0.03463392333405126
6351 0.07089980519911739
6355 0.021270438178347135
6375 0.01583841451642223
6376 0.025396100910771435
6397 0.03280571126394939
6398 0.023181200053038753
6408 0.032980607052646355
6410 0.021207116323842055
6411 0.037503013043902945
6442 0.044674791469577944
6444 0.03117763235385379
6447 0.03399393385578769
6457 0.020893235427453756
6464 0.014815751943793904
6482 0.013767823608342838
6491 0.007627740560969884
6498 0.04702877218128822
6523 0.012330224911294638
6537 0.027704234849391732
6548 0.019359676303655513
6557 0.036459053029602846
6571 0.008695624421518505
6600 0.02821059976593764
6601 0.03924918351179862
6613 0.008229170687152383
6616 0.02916287773942994
6629 0.014938063154329245
6649 0.027851859316067887
6661 0.02780337617808553
6679 0.029714138052777152
6687 0.00946310052902278
6688 0.01436029742771536
6689 0.04655315615099935
6697 0.028187957956768626
6702 0.05834850691379249
6703 0.026447669052907952
6724 0.036013982430943066
6725 0.028973410079766043
6743 0.025842388556141193
6754 0.03334882994848369
6790 0.01583841451642223
6844 0.018517348121818832
6854 0.025396100910771435
6859 0.022194516439290036
6897 0.03426789677576164
6915 0.028446740536158446
6958 0.021489092712158955
6984 0.02722395808284411
6988 0.05289213675628551
6991 0.014737500178608734
6994 0.010915976429225495
7009 0.010620026012323525
7016 0.016952401036341415
7017 0.04864835129738097
7021 0.033987445672795144
7030 0.013456007478993335
7031 0.012156738377207855
7055 0.026447669052907952
7058 0.022626145303524713
7060 0.01841683384474869
7070 0.014167043989748841
7106 0.05681878845466944
7107 0.032980607052646355
7108 0.013727010283410805
7143 0.020544000228245776
7165 0.013027301279637624
7168 0.02970825648874215
7185 0.012271683554403074
7188 0.018863162911033036
7213 0.009527656588233499
7231 0.053992642951680325
7247 0.021270438178347135
7248 0.035646615871228686
7254 0.02229183145805225
7266 0.019914731053169557
7268 0.012385248594390193
7269 0.008905656249456155
7273 0.013531409385632062
7277 0.035375322656768494
7286 0.03924918351179862
7318 0.024788235838440798
7335 0.01820453215419844
7336 0.012634363894335698
7338 0.015366769353684957
7339 0.008354178511071241
7356 0.020999026949675443
7366 0.025396100910771435
7390 0.019346627162976405
7391 0.018414011913331096
7395 0.07281097507671982
7435 0.008641456944365142
7463 0.07870143663604089
7482 0.03015765146423341
7487 0.032980607052646355
7492 0.038309394127602515
7506 0.022626145303524713
7530 0.016952401036341415
7547 0.014938063154329245
7556 0.03778335096275569
7606 0.022869728335784784
7608 0.02572620435360178
7610 0.013685932036472217
7611 0.03525223400336537
7612 0.026210476271401748
7627 0.025632157767818606
7634 0.016411718096307107
7653 0.018863162911033036
7680 0.02780337617808553
7683 0.03650900253973106
7684 0.023810469228114976
7696 0.032980607052646355
7699 0.032980607052646355
7708 0.04558987580477859
7710 0.04549892366867654
7713 0.025830452657808905
7721 0.01931410256961946
7733 0.020544000228245776
7740 0.036405023869288705
7748 0.018633238353554158
7753 0.027778871350372332
7755 0.03334882994848369
7757 0.013685932036472217
7803 0.02780337617808553
7806 0.032980607052646355
7808 0.03778335096275569
7810 0.04154459520845807
7811 0.032980607052646355
7814 0.02317229724088797
7860 0.027836996078745402
7866 0.007017511891098836
7868 0.0102270886270216
7880 0.023877616589588105
7887 0.036618506244541923
7913 0.031938111099258516
7922 0.017692994163253317
7932 0.02382746979542947
7935 0.03562989544618755
7937 0.0205866880835406
7943 0.013381793053431157
7958 0.018003969178477935
7986 0.030114313671017644
7988 0.007232197894871484
7989 0.013027301279637624
8003 0.02462703868671841
8016 0.022053675616863923
8022 0.026609508798397945
8062 0.05584102184434362
8064 0.05584102184434362
8083 0.02724816857257252
8087 0.015417031961638898
8089 0.02228002678309662
8092 0.012697620127685924
8095 0.027472943651337105
8100 0.015366769353684957
8101 0.03154881498302166
8102 0.029056743007415023
8104 0.03525223400336537
8109 0.016797878385501258
8111 0.020893235427453756
8120 0.01910488351629143
8124 0.04354221791514319
8132 0.013845693730239217
8143 0.04037668474157925
8146 0.016797878385501258
8153 0.016503250038639474
8157 0.02794243127299824
8159 0.06117560176315774
8164 0.014451805519024022
8167 0.042062653330922434
8175 0.029253403286362212
8188 0.026447669052907952
8194 0.04163824610950004
8199 0.016503250038639474
8202 0.016952401036341415
8206 0.020207596221395487
8208 0.029714138052777152
8213 0.020218870036210614
8217 0.027141383718137208
8222 0.026447669052907952
8235 0.021699294283214484
8244 0.010189538479124138
8255 0.03516801357321741
8258 0.018414011913331096
8274 0.0315868559521962
8275 0.02767428585401399
8277 0.012892648729749405
8312 0.03156410199097527
8315 0.02780337617808553
8316 0.012571945516553032
8318 0.020544000228245776
8327 0.013531409385632062
8342 0.03458756572798941
8343 0.09216765775387123
8351 0.022626145303524713
8374 0.029714138052777152
8377 0.01762676642758456
8381 0.02504679465646867
8423 0.020893235427453756
8435 0.020218870036210614
8461 0.008861965877078723
8463 0.022626145303524713
8467 0.035893778713445026
8469 0.029056743007415023
8472 0.021498939719012636
8475 0.016648262053300358
8476 0.036489378298774994
8480 0.03606039862169186
8481 0.029714138052777152
8494 0.03117763235385379
8506 0.010042260285709642
8507 0.025032623074250998
8516 0.014836714761622297
8527 0.025512280548531625
8529 0.010042260285709642
8568 0.016093207303786314
8570 0.04400619185356775
8587 0.013381793053431157
8588 0.009274574644463202
8589 0.016797878385501258
8590 0.044779796289313625
8595 0.020544000228245776
8619 0.029430954574772693
8620 0.026210476271401748
8624 0.009274574644463202
8631 0.013381793053431157
8647 0.014182445429094694
8649 0.01744891442896389
8656 0.012389502656753579
8681 0.01744891442896389
8692 0.008015277777962293
8694 0.03381699519494165
8700 0.01764168446337297
8715 0.036013982430943066
8724 0.016797878385501258
8725 0.034233522795917966
8726 0.027472943651337105
8731 0.04314624706952688
8735 0.014545125769027318
8736 0.014631258461282002
8738 0.02460223669074858
8746 0.023581565802164455
8749 0.020544000228245776
8750 0.019926886143763808
8764 0.029714138052777152
8765 0.032980607052646355
8776 0.04299933665428852
8777 0.012279056577357809
8790 0.03048336965342807
8792 0.014451805519024022
8825 0.0146403314035836
8833 0.023181200053038753
8843 0.01910488351629143
8847 0.03833182567083873
8863 0.013845693730239217
8864 0.023810469228114976
8865 0.029228742986236723
8902 0.029714138052777152
8928 0.032847666165356566
8938 0.018863162911033036
8974 0.011373862403714402
8977 0.018863162911033036
9011 0.017014275426376322
9017 0.01825397644401764
9034 0.026395310081921163
9035 0.009213372243626342
9045 0.07255118389276351
9057 0.04299933665428852
9061 0.09715790503839612
9070 0.02958198587585909
9072 0.02601820220550666
9077 0.007587880199571048
9084 0.029714138052777152
9096 0.020544000228245776
9126 0.04230414593575959
9172 0.011827824548978006
9176 0.013165914761574393
9182 0.019257623060925804
9183 0.012307004006079546
9223 0.03384348955433924
9260 0.035375322656768494
9300 0.021489092712158955
9302 0.06901355032216809
9304 0.0122138605145051
9305 0.009152954510589211
9312 0.01536041846266681
9314 0.028764100181200798
9318 0.016643009294361733
9320 0.020849179393520215
9337 0.02453690717821633
9339 0.03478401606387721
9349 0.02458622618624892
9351 0.02719695354457959
9353 0.010189538479124138
9355 0.037238068416347095
9358 0.029714138052777152
9360 0.009693025086501661
9362 0.018414011913331096
9363 0.01401106222850738
9371 0.02861026731412791
9372 0.012826738303917116
9385 0.01571600455289294
9386 0.016797878385501258
9389 0.021733774186410884
9396 0.01571600455289294
9397 0.012381571747221045
9401 0.016503250038639474
9402 0.023181200053038753
9412 0.04864835129738097
9430 0.017277531228376577
9433 0.032980607052646355
9443 0.029543580269231963
9445 0.032980607052646355
9448 0.01571600455289294
9488 0.032980607052646355
9494 0.025396100910771435
9497 0.018863162911033036
9514 0.015255881446329105
9529 0.011671594154460046
9539 0.012571945516553032
9546 0.02453622124823832
9559 0.02453690717821633
9573 0.024201426698962296
9581 0.026447669052907952
9589 0.020849179393520215
9612 0.014836714761622297
9616 0.01910488351629143
9618 0.014938063154329245
9630 0.04803651554051318
9638 0.04299933665428852
9643 0.015964089127555123
9645 0.046077872432031715
9724 0.007827359427976962
9784 0.016503250038639474
9786 0.03904590230506782
9801 0.01910488351629143
9802 0.011422196351803481
9807 0.020218870036210614
9815 0.020544000228245776
9816 0.02453690717821633
9818 0.04864835129738097
9821 0.0514074921255203
9824 0.024788235838440798
9826 0.03650900253973106
9828 0.038309394127602515
9837 0.02428145993852517
9848 0.014270532454098971
9856 0.01401106222850738
9871 0.017112162730108415
9887 0.01764168446337297
9892 0.028147636881416006
9894 0.014095974771325378
9897 0.026447669052907952
9910 0.02453690717821633
9911 0.01392765264173061
9912 0.021498939719012636
9924 0.025396100910771435
9931 0.01820453215419844
9941 0.020544000228245776
9947 0.05584102184434362
9960 0.02780337617808553
9972 0.029714138052777152
9987 0.015255881446329105
9998 0.0146403314035836
10007 0.029714138052777152
10016 0.028657244523014953
10017 0.019359676303655513
10030 0.023651308304322237
10036 0.013216904629248015
10039 0.023281644667053573
10046 0.019359676303655513
10048 0.0606025723978056
10052 0.015968326941497638
10082 0.016701895079176857
10109 0.032980607052646355
10110 0.01334235348517228
10137 0.02062105997819886
10144 0.012389502656753579
10154 0.032980607052646355
10165 0.04619788639651952
10167 0.031938111099258516
10172 0.03478401606387721
10176 0.04619788639651952
10205 0.04247360025608243
10206 0.01962903639358484
10207 0.03746872387677352
10209 0.05956297444210323
10215 0.032347379660535004
10244 0.041009938112305765
10255 0.026447669052907952
10271 0.016648262053300358
10272 0.021942330873822108
10288 0.02428145993852517
10331 0.029386854405291037
10340 0.04569196815474958
10349 0.02780337617808553
10350 0.01436029742771536
10425 0.023181200053038753
10432 0.029714138052777152
10435 0.029145866473268407
10438 0.03277878135008752
10461 0.019207384489815592
10462 0.010115324053561959
10472 0.02827871662379475
10525 0.019914731053169557
10526 0.021949173062948916
10554 0.008778061251840726
10557 0.030474780562160523
10583 0.019359676303655513
10584 0.03737963166278286
10590 0.025740619023319866
10599 0.017277531228376577
10608 0.02601820220550666
10618 0.04481855077773597
10634 0.01053877367833212
10651 0.019914731053169557
10666 0.03286061435266268
10667 0.04220378637934229
10670 0.010264940385762863
10685 0.009864408287088976
10686 0.041513805686238164
10691 0.0187834843242235
10693 0.014938063154329245
10702 0.01295949408637086
10703 0.03323484762690673
10706 0.018003969178477935
10709 0.025396100910771435
10725 0.01933945954885816
10740 0.01452098676512167
10742 0.06311192352571929
10754 0.029714138052777152
10771 0.00991602593679228
10775 0.03135638810860121
10784 0.0064773197943151116
10786 0.055503887796664736
10805 0.026473140220600835
10807 0.019960914697608637
10808 0.04446439161248916
10810 0.008861965877078723
10829 0.012634363894335698
10836 0.028187957956768626
10837 0.032980607052646355
10838 0.029714138052777152
10846 0.011326019164078655
10849 0.010786858252994304
10857 0.026918350628130413
10862 0.014737500178608734
10866 0.0347089516044095
10905 0.026609508798397945
10914 0.03924918351179862
10920 0.020458337277737087
10929 0.021270438178347135
10936 0.038204254888254595
10945 0.034233522795917966
10947 0.05193214738193687
10952 0.022657345179253628
10958 0.02780337617808553
10962 0.01636256739371564
10965 0.025396100910771435
10968 0.01762676642758456
11002 0.008534954815480644
11012 0.013765135894609884
11016 0.015366769353684957
11034 0.02780337617808553
11036 0.028441280427800305
11077 0.026447669052907952
11081 0.01744891442896389
11120 0.03935257104584739
11158 0.020893235427453756
11159 0.026447669052907952
11169 0.03323484762690673
11189 0.0288876833436148
11191 0.02780337617808553
11192 0.019918855758052138
11194 0.027929862825272912
11198 0.032980607052646355
11203 0.020544000228245776
11227 0.023181200053038753
11300 0.04994025026381398
11323 0.028720480960350486
11327 0.024175749001541666
11369 0.052019519615918185
11370 0.023181200053038753
11435 0.03277878135008752
11453 0.04366292208640328
11457 0.01109382842784616
11458 0.020544000228245776
11459 0.016411718096307107
11460 0.015596693911163837
11469 0.044941701439458
11500 0.016797878385501258
11501 0.026258934570233972
11510 0.017811594768896516
11522 0.01962903639358484
11540 0.03612947814363734
11545 0.01622596308624006
11563 0.02018000514955099
11596 0.019176617414627683
11600 0.05584102184434362
11604 0.013165914761574393
11609 0.04154459520845807
11615 0.027222074558673235
11616 0.026310506772058383
11631 0.010872542770361874
11635 0.019914731053169557
11643 0.01628497093868879
11646 0.019176617414627683
11651 0.018121252929871195
11663 0.027546269692639836
11667 0.017277531228376577
11670 0.03924918351179862
11674 0.030149311317390022
11678 0.014836714761622297
11689 0.012020499107721136
11699 0.03072437939373418
11704 0.033407661897678305
11707 0.021699294283214484
11721 0.029543580269231963
11733 0.024600685025017943
11753 0.022173622071876734
11755 0.032980607052646355
11768 0.023810469228114976
11769 0.010264940385762863
11776 0.01744891442896389
11785 0.01946373632104014
11801 0.025396100910771435
11803 0.01583841451642223
11809 0.040093743320862005
11823 0.025647019576338793
11830 0.032980607052646355
11833 0.028557994497878596
11834 0.011004063454229772
11836 0.026210476271401748
11854 0.022038237866434208
11863 0.034464231317364896
11867 0.01436029742771536
11870 0.017277531228376577
11874 0.013685932036472217
11877 0.032980607052646355
11878 0.01803371597286665
11879 0.011278656769158119
11900 0.04312910086735015
11932 0.0660462875647578
11933 0.05832888784740509
11934 0.011758222713724667
11944 0.015100746082943133
11965 0.020218870036210614
11972 0.010078650571768287
12005 0.017277531228376577