235
t_index tf-idf
56 0.11201901820340006
67 0.05257912053884353
102 0.03929847526865444
114 0.045451416866086974
162 0.08475233103641851
193 0.035795068254205246
252 0.07302140060349911
261 0.09443449288963393
293 0.051448806950438485
316 0.07516355402145308
333 0.02252051682632052
363 0.048726503594435304
403 0.10092441798051455
493 0.04520325492267602
524 0.2350844881661921
550 0.0862581542443386
557 0.07873521753474351
606 0.08057473586232167
667 0.12726295957228845
690 0.0657553673529823
753 0.0178944737900444
806 0.07376393266674876
1080 0.04730543535218123
1087 0.04758873699076448
1145 0.04595959049107773
1217 0.07516355402145308
1260 0.07684996757586783
1359 0.08087253765942103
1431 0.13462702101586851
1485 0.056546017088972486
1500 0.02456424487102322
1507 0.05298420796540304
1518 0.033504578303040225
1575 0.13244482636025037
1584 0.028723038114872933
1594 0.030004211676998356
1850 0.025907710169984197
1925 0.023514286586117747
2030 0.03855242188800138
2041 0.04148452031595802
2048 0.06867362893057247
2050 0.04208109090965296
2077 0.0632880123456549
2101 0.06406895379856757
2103 0.037527148386593434
2121 0.04448105160805676
2173 0.05868333721364999
2211 0.02497644253554651
2243 0.10034511647071571
2302 0.1352126703534559
2317 0.015723656356896553
2362 0.04090938809476632
2407 0.03525699658901895
2452 0.12467998460494453
2567 0.014021634683524681
2576 0.06667025205382779
2582 0.07096411888173748
2591 0.04475419439839702
2690 0.06730274798344839
2722 0.09443449288963393
2870 0.03814882360284311
2914 0.10092441798051455
3085 0.06764061731185801
3254 0.028461351772919953
3316 0.07516355402145308
3318 0.07684996757586783
3346 0.049402690062391605
3363 0.07224529244386291
3462 0.043127615509095905
3475 0.04570348703188877
3507 0.04090938809476632
3510 0.11201901820340006
3555 0.04379003244065386
3739 0.07096411888173748
3774 0.04972605711544198
3786 0.052974353575682046
3809 0.03486499026819221
4208 0.025543090195329785
4227 0.07511997011198888
4268 0.061073584346296415
4326 0.15359592621686052
4332 0.033623583496018336
4334 0.07825702296326792
4338 0.11034006476169066
4436 0.047182748862781815
4576 0.03236079721302264
4660 0.09142849324163954
4687 0.07684996757586783
4700 0.033938412694764025
4745 0.03326918987373767
4776 0.07873521753474351
4872 0.03865527106246719
4936 0.043566166907211275
4987 0.07684996757586783
5046 0.03326918987373767
5116 0.04208109090965296
5222 0.12467998460494453
5241 0.037375430428647174
5295 0.0736380073962095
5329 0.05195494280996634
5361 0.10092441798051455
5408 0.049402690062391605
5472 0.033504578303040225
5564 0.0697779374365355
5621 0.044017073477474036
5686 0.0862581542443386
5833 0.03635185916686942
5843 0.026130820745185062
5892 0.03508804484790874
5903 0.027618729608909896
5913 0.02396519315638051
5933 0.07873521753474351
5948 0.03946966540019712
5982 0.0697779374365355
5995 0.03860186653627782
6042 0.05212379522501502
6075 0.08333989266674842
6093 0.08087253765942103
6191 0.02110146697983439
6229 0.035795068254205246
6240 0.02283042579303909
6267 0.040354206727552966
6282 0.018486517444665902
6314 0.046753445316794255
6410 0.022528983273132817
6471 0.044718183718903855
6521 0.051448806950438485
6523 0.041879753352796534
6548 0.0657553673529823
6594 0.03423225473268023
6613 0.04732426733029366
6622 0.09443449288963393
6692 0.044718183718903855
6716 0.09443449288963393
6735 0.11201901820340006
6752 0.05595499744138203
6802 0.033152781180841855
6844 0.026356509423448162
6914 0.15979302809288276
6941 0.07224529244386291
6958 0.051787135927409265
6975 0.08087253765942103
7060 0.033743427532441986
7070 0.018440189989105203
7079 0.024632211532478483
7213 0.03236079721302264
7223 0.11201901820340006
7254 0.044718183718903855
7269 0.02660156828990725
7363 0.061073584346296415
7516 0.11201901820340006
7517 0.07516355402145308
7608 0.028375065177311608
7639 0.07096411888173748
7721 0.01310090085974833
7814 0.04648442848480144
7860 0.02598164159344515
7868 0.0588138822969603
7880 0.03398600180289456
7937 0.04240687939378389
7965 0.05005609199809188
7978 0.08087253765942103
8060 0.11201901820340006
8089 0.02568794299137701
8092 0.043127615509095905
8174 0.03783496796418902
8201 0.06254340717332399
8202 0.057579028707686955
8235 0.03088550533776657
8275 0.028461351772919953
8342 0.0910343226468219
8389 0.07516355402145308
8435 0.06867362893057247
8527 0.04129050430747453
8570 0.05073730649460798
8618 0.042912764971511
8694 0.044017073477474036
8700 0.05992018794216363
8722 0.0695863374926519
8736 0.049695240760630234
8906 0.07376393266674876
8921 0.05005609199809188
9017 0.02598164159344515
9077 0.006533837669101905
9176 0.044718183718903855
9183 0.009816800277533507
9211 0.07090858631183337
9288 0.07516355402145308
9306 0.0862581542443386
9312 0.0199935169939962
9318 0.03338645138517124
9349 0.08350740525527528
9359 0.0736380073962095
9389 0.04789784905692395
9546 0.028289241246637235
9554 0.10092441798051455
9724 0.04501353345826121
9784 0.05605348208244339
9824 0.04972605711544198
9935 0.11201901820340006
9959 0.05868333721364999
10035 0.10092441798051455
10036 0.030784676127728484
10039 0.037680318213080946
10110 0.01736675155003444
10205 0.039642706271722464
10354 0.14604775065910677
10526 0.03552377150984874
10618 0.08211680319355358
10667 0.02518659161187799
10740 0.013300980024000451
10771 0.019891890463881932
10802 0.08087253765942103
10897 0.07452738385488511
10952 0.045451416866086974
10978 0.030389920093072505
11192 0.017151901012449535
11247 0.0736380073962095
11323 0.02115618882705656
11459 0.03292247325458852
11507 0.04648442848480144
11517 0.05298420796540304
11563 0.04863233100131296
11564 0.04520325492267602
11643 0.026356509423448162
11689 0.03590573439350302
11733 0.027133658405137727
11759 0.03423225473268023
11767 0.08650137174613058
11778 0.03258310807454694
11783 0.11973462575233722
11785 0.07517113933207092
11854 0.03359427188055225
11878 0.012419686363232232
11955 0.039994503393920834