282
t_index tf-idf
48 0.05235907674524514
74 0.03269947424936857
82 0.034341687674663494
102 0.039709759670867664
103 0.04059378512267146
193 0.061240603898927416
225 0.055688453629297474
308 0.04402211551057722
351 0.05092047218536934
438 0.03070797060351449
445 0.05057996193792608
483 0.03953860845099855
484 0.027825047994061863
535 0.02884688076338627
558 0.0342186936268095
580 0.07831014194887743
631 0.054358364287623646
663 0.03687607192241756
952 0.1010087561762706
956 0.02137760226397396
1002 0.19500540271868266
1041 0.04494657508181422
1117 0.08755963789350332
1118 0.06939234364480598
1244 0.06644354053958056
1276 0.038074667536954904
1341 0.036308517571492
1356 0.06644354053958056
1488 0.017857425315692926
1500 0.02482132585695289
1507 0.05353872256554515
1519 0.06939234364480598
1551 0.039201645443255766
1584 0.0290236436085992
1689 0.041528938009570374
1850 0.054939259260221834
1856 0.07907603420195856
1860 0.05856683769292619
1871 0.04867498159773003
1884 0.04839913156424783
1925 0.023760379067719852
1953 0.09761213666291033
1954 0.05615728759631588
2005 0.08716090258665651
2030 0.023007981112307833
2036 0.034843236059880385
2041 0.04191868311801616
2049 0.04059378512267146
2080 0.053129395632517826
2088 0.058181631130304313
2099 0.0850746741320842
2188 0.03791989468744695
2198 0.05126830579238961
2222 0.03012681924518911
2223 0.05615728759631588
2246 0.06556907680212531
2252 0.07595019007215484
2317 0.015888214766889387
2326 0.04796329713607522
2407 0.03562598425754345
2412 0.06644354053958056
2504 0.09943843672847612
2567 0.02973393704329644
2613 0.06581527173366285
2635 0.03292411174034
2681 0.07341803689728492
2701 0.03953860845099855
2843 0.09076994590877994
2910 0.07595019007215484
2940 0.11938077606355685
3082 0.03687607192241756
3116 0.04670357964734472
3118 0.10462070623402549
3193 0.028499047156366
3237 0.06834852087977661
3239 0.06834852087977661
3252 0.043147651773121985
3281 0.04417292521787501
3282 0.07165069132567113
3283 0.05273965052407205
3324 0.03731520222755256
3345 0.06556907680212531
3388 0.03397547642173337
3400 0.045927095850773265
3507 0.04133753175969078
3580 0.05126830579238961
3634 0.05162378470295546
3674 0.02938307260816979
3706 0.050246473023065195
3734 0.04542940614131117
3793 0.027660847199460645
3924 0.026253556568726695
3947 0.04636595135218471
4030 0.07610116687559963
4033 0.09076994590877994
4092 0.04293622864030432
4160 0.06834852087977661
4267 0.030414784822764735
4321 0.08421209948143109
4336 0.044352863743418326
4663 0.04133753175969078
4700 0.020254352905021082
4824 0.06834852087977661
4884 0.03522987533262781
4919 0.06054729213666031
5000 0.07765425305408223
5111 0.0666579336620323
5159 0.03080689225347419
5262 0.03576020610130098
5293 0.033617373837003355
5329 0.031006569349532234
5459 0.038388728654465354
5476 0.03616968719675886
5697 0.11406393944759283
5700 0.10198065842328162
5715 0.05092047218536934
5722 0.10673157703561566
5776 0.09542281199593275
5836 0.07234400308793824
5843 0.012581788985524096
5848 0.028074517814265745
5858 0.04959944116896702
5892 0.049970078385907564
5903 0.04725197527656965
5948 0.03988274141978062
6003 0.05478968689801397
6013 0.03151682110960605
6133 0.06736800011081755
6229 0.03616968719675886
6239 0.04683388544766625
6282 0.01867999101391398
6287 0.059885694112231706
6381 0.04567633672933314
6395 0.09076994590877994
6447 0.04471045936504075
6454 0.04494657508181422
6523 0.04231805252864983
6594 0.034590517803394616
6616 0.1154451107244803
6629 0.10759229655510329
6631 0.10961346389766434
6639 0.030031958918424268
6790 0.054358364287623646
6813 0.04252149721551954
6845 0.05478968689801397
6958 0.05232912238099641
6984 0.01935000087130808
6986 0.10961346389766434
6988 0.05092047218536934
7007 0.04542940614131117
7070 0.0315487139994792
7161 0.07170680508045991
7171 0.04724275088595623
7186 0.06556907680212531
7213 0.03269947424936857
7214 0.06395036303857372
7230 0.055232828025078895
7246 0.04670357964734472
7339 0.09991934419492038
7356 0.034341687674663494
7363 0.036448549955764506
7392 0.1726682642810261
7399 0.04959944116896702
7426 0.06834852087977661
7464 0.09076994590877994
7606 0.024549493586799306
7694 0.09542281199593275
7721 0.013238010407681713
7832 0.06834852087977661
7860 0.026253556568726695
7866 0.024084510944801952
7932 0.06337013807627022
7935 0.039709759670867664
7989 0.04471045936504075
7990 0.10198065842328162
8016 0.01974570597515959
8021 0.08716090258665651
8052 0.09076994590877994
8075 0.0347163833362716
8084 0.04670357964734472
8087 0.023557950651726663
8105 0.059885694112231706
8119 0.08421209948143109
8164 0.08397915397258539
8183 0.06556907680212531
8200 0.04670357964734472
8209 0.03446562421483147
8215 0.05126830579238961
8219 0.09851006470865349
8223 0.06834852087977661
8238 0.09508255316159624
8274 0.04542940614131117
8275 0.028759218546887205
8333 0.05162378470295546
8342 0.038548076143899025
8388 0.03497109158222152
8516 0.05092047218536934
8571 0.09542281199593275
8579 0.062193199141792554
8587 0.045927095850773265
8659 0.07765425305408223
8692 0.03877060302707894
8719 0.03887155971396231
8724 0.057651300361631144
8728 0.061790674452427745
8750 0.05517681328637602
8845 0.06644354053958056
8885 0.11144848875657241
8889 0.07300138696692941
9077 0.021108775507629716
9206 0.07170680508045991
9391 0.0272574936431363
9396 0.05393824613860938
9397 0.02509780505699033
9405 0.024019162818126136
9529 0.04005759327788794
9589 0.03409662784476628
9622 0.018868607021511226
9707 0.03497109158222152
9795 0.08171892198042424
9802 0.039201645443255766
9843 0.0631979650831617
9853 0.049919721721028064
9854 0.09076994590877994
9862 0.0353608366906673
9863 0.055688453629297474
9892 0.03702112795616345
10030 0.031107340014148162
10039 0.038074667536954904
10052 0.03236826186901064
10072 0.09076994590877994
10140 0.08421209948143109
10143 0.045186188936235036
10175 0.05005929753969131
10191 0.10786772258018584
10193 0.09542281199593275
10194 0.07300138696692941
10309 0.027417629994384508
10330 0.048378209246536595
10406 0.06473947755765318
10461 0.01891610673068744
10553 0.04402211551057722
10670 0.03522987533262781
10687 0.03151682110960605
10693 0.08680478740446958
10715 0.04407341409736519
10807 0.026253556568726695
10818 0.07595019007215484
10849 0.03702112795616345
10860 0.061790674452427745
10893 0.07170680508045991
10920 0.019695710141377838
10928 0.058181631130304313
10959 0.046181804096723185
10961 0.08716090258665651
10978 0.03070797060351449
11192 0.01733140694255244
11323 0.02137760226397396
11327 0.04305261895828918
11364 0.08421209948143109
11402 0.05126830579238961
11425 0.061790674452427745
11459 0.03326702860029413
11501 0.037766588901239864
11549 0.039035760508563534
11551 0.08716090258665651
11563 0.0290236436085992
11564 0.04567633672933314
11606 0.08171892198042424
11631 0.03731520222755256
11687 0.07691107389730917
11689 0.017288334641864328
11707 0.031208742473891007
11712 0.035099965884402964
11713 0.036308517571492
11793 0.04133753175969078
11854 0.03394585804092429
11857 0.03315191324351881
11878 0.021248432541548807
11934 0.01310461881157456
11971 0.07341803689728492
11972 0.034590517803394616