253
t_index tf-idf
66 0.03433955361414684
100 0.03498840662095514
101 0.032999643886499994
103 0.06699429161172774
104 0.06391202940736453
193 0.035255614758014996
195 0.15079984302949448
326 0.0351214445637741
363 0.03113996286097076
444 0.0224863573608712
491 0.06476439388814827
558 0.03335392627165002
574 0.02761199953456514
629 0.05969294472644069
668 0.0463183344770367
705 0.09301130752263072
753 0.01762479316309406
830 0.07569179172335946
866 0.029740833405204475
892 0.04205723373694215
920 0.03552743015825272
942 0.030821717246981014
956 0.035280704070937634
1110 0.09301130752263072
1136 0.051035869588087535
1155 0.027778825458169225
1192 0.05896724852134635
1388 0.11033082332190199
1507 0.030821717246981014
1513 0.06872634138872907
1584 0.02829016442338462
1850 0.02551726518660748
1851 0.04269214783685946
1857 0.048039850686135165
1860 0.05708674935629589
1888 0.046871545718306706
1891 0.13409625882456908
1912 0.046198778276248235
2003 0.06090006219584091
2041 0.04085932330939582
2050 0.07017570733094311
2121 0.043810695048494504
2164 0.05837227592408819
2231 0.05835805155223586
2317 0.01548669127180762
2465 0.08133853774375052
2506 0.06391202940736453
2567 0.023382904544109975
2611 0.04925311462213128
2615 0.04930171618178598
2639 0.05253236178242021
2689 0.0429095982177259
2696 0.08341153685900754
2754 0.03539093664182551
2870 0.037573897578901776
2871 0.11033082332190199
2873 0.055208721942072395
2882 0.0595855592467256
2950 0.05724573231224788
2961 0.0994034254866908
3015 0.050673442070921296
3042 0.03637218058302433
3202 0.05837227592408819
3242 0.11033082332190199
3270 0.043810695048494504
3302 0.0994034254866908
3337 0.04963362112859159
3346 0.08238542880513636
3369 0.050673442070921296
3521 0.03359461648375815
3555 0.043130089961130304
3595 0.0424776560564834
3609 0.055208721942072395
3636 0.036517480253665816
3665 0.0849581912843138
3668 0.02581057416185904
3712 0.12477364819315982
3722 0.06852629883457229
3727 0.0351214445637741
3735 0.052984631572153336
3774 0.04897665512597853
3782 0.04205723373694215
3866 0.05383699605293708
3945 0.11033082332190199
3947 0.017319515799271268
3971 0.07115651185220835
3980 0.03766980226752815
4042 0.0595855592467256
4064 0.043327775897103085
4073 0.04185115364338193
4180 0.03974604423571011
4267 0.0296461490204815
4336 0.018116787500240518
4466 0.11033082332190199
4555 0.03112983590173097
4586 0.09301130752263072
4633 0.08208390968741953
4646 0.026491179249223232
4655 0.08033116156819242
4876 0.06122619104876879
4884 0.03433955361414684
4886 0.09720422592414901
4919 0.03485648197940897
4977 0.0383743183465748
5072 0.07569179172335946
5088 0.0207834550108063
5114 0.10278301030523852
5156 0.049972664360629734
5173 0.030519505385414387
5184 0.05671127764983134
5329 0.051171950154549124
5356 0.06310339561389143
5393 0.06160083990613247
5422 0.050673442070921296
5472 0.032999643886499994
5476 0.035255614758014996
5521 0.07115651185220835
5534 0.051786721144606994
5546 0.037573897578901776
5644 0.030847963129528953
5685 0.03220269212591912
5693 0.15748183309213623
5712 0.11033082332190199
5869 0.0351214445637741
5903 0.027202498519698068
5904 0.0994034254866908
5909 0.0351214445637741
5913 0.02360402308839034
5941 0.12534502920296378
5983 0.03335392627165002
5995 0.018116787500240518
6013 0.030720334886863893
6053 0.09301130752263072
6063 0.03773076357630323
6094 0.11033082332190199
6122 0.044522014318969336
6227 0.06872634138872907
6239 0.02696180830758994
6266 0.05592067181210071
6282 0.018207914358981454
6314 0.10988609295279712
6482 0.046057833672812874
6489 0.0463183344770367
6491 0.02551726518660748
6504 0.13898014025659158
6580 0.06160083990613247
6932 0.0994034254866908
6984 0.018860991873527272
6987 0.06476439388814827
7052 0.04105276012481692
7057 0.03209206077599921
7060 0.015836604832579773
7070 0.01816228508641329
7146 0.050673442070921296
7268 0.04143267200279911
7357 0.08208390968741953
7435 0.028908475148763876
7520 0.08847602765147962
7590 0.06640110496657561
7605 0.06662123198105725
7623 0.07403079344910261
7627 0.04085932330939582
7631 0.12534502920296378
7703 0.2536693612067344
7710 0.07252823774134366
7781 0.11279955109415715
7819 0.05473809288370568
7839 0.07569179172335946
7866 0.03974807337344759
7894 0.09301130752263072
7937 0.024668724818072123
8087 0.028551951885323366
8089 0.04283799517382072
8127 0.06758096542364965
8148 0.03773076357630323
8192 0.09301130752263072
8209 0.0876630659064021
8255 0.04930171618178598
8275 0.02803242185410639
8414 0.051035869588087535
8461 0.0296461490204815
8467 0.05031915968577126
8519 0.051786721144606994
8579 0.0358040144922534
8624 0.031026459120374335
8706 0.0793604254814376
8716 0.1525129153825226
8736 0.028908475148763876
8767 0.03870622329338041
8792 0.0483459749196456
8819 0.09301130752263072
8839 0.07754862981626844
8847 0.026803365741092045
8885 0.045523296978211156
8887 0.0994034254866908
8894 0.04715560570375547
8938 0.06310339561389143
9059 0.06160083990613247
9077 0.02186670906440477
9183 0.009668855113872736
9284 0.03209206077599921
9304 0.04085932330939582
9312 0.019692202506565847
9354 0.11033082332190199
9361 0.06525287199711617
9389 0.027862905138358547
9391 0.02656864821428615
9539 0.04205723373694215
9543 0.05724573231224788
9573 0.031026459120374335
9589 0.0332349453094028
9590 0.05473809288370568
9645 0.04085932330939582
9669 0.07403079344910261
9709 0.07115651185220835
9738 0.062334223424668996
9862 0.034467205345335726
9938 0.04760769009617935
9940 0.05779894355351789
9998 0.04897665512597853
10016 0.03433955361414684
10036 0.010292483735293874
10039 0.037112452850923974
10144 0.04144690322062557
10175 0.028818646400498922
10205 0.039045266525418544
10331 0.05744407587486694
10361 0.055208721942072395
10365 0.03220269212591912
10409 0.0994034254866908
10461 0.018438063010906308
10505 0.04404425343389576
10528 0.0429095982177259
10557 0.036517480253665816
10618 0.03853939736977633
10667 0.04200192636198254
10740 0.013100526147903687
10810 0.0296461490204815
11192 0.016893411409866138
11219 0.05837227592408819
11390 0.06090006219584091
11469 0.045523296978211156
11542 0.09301130752263072
11587 0.06872634138872907
11635 0.06662123198105725
11643 0.02595930076177226
11676 0.05217599777868024
11704 0.02559008241845463
11745 0.08276491725407525
11778 0.054336582221241464
11857 0.032314105329320324
11878 0.020711446793038425
11898 0.051035869588087535