279
t_index tf-idf
6 0.04625032449199194
100 0.051304009020844206
192 0.047009012035540865
303 0.03505635763762816
324 0.03041618890594693
325 0.04553158683098885
332 0.025921914968172168
333 0.011345435332490121
363 0.015927800410343373
417 0.14444428160836417
437 0.05857705332038368
459 0.051067346248597954
535 0.024350889217013883
563 0.028477888432905198
574 0.023912791866781996
581 0.05173281642061925
656 0.10248753554378501
728 0.025756423698074363
729 0.0805504880319038
736 0.08608624744951292
841 0.0732756438705004
933 0.04504567342072335
936 0.048665935143487465
956 0.01804575089852132
1006 0.030300974191669095
1031 0.07357625596860069
1093 0.047009012035540865
1117 0.03521986692868227
1159 0.06411281273799278
1197 0.07662280421890501
1242 0.047009012035540865
1298 0.06411281273799278
1416 0.059082004152324424
1448 0.07108704480129589
1472 0.07357625596860069
1488 0.03163494032386993
1500 0.049999418855040674
1652 0.06411281273799278
1819 0.03942449457044775
1830 0.04419854221974896
1851 0.03697263735973714
1884 0.0506396895321662
1895 0.07108704480129589
1934 0.05398324409884399
1998 0.12585607328074896
2001 0.03473509898914105
2023 0.068982446747061
2030 0.019422023606935995
2271 0.12703065864384377
2300 0.02745598282442808
2343 0.0805504880319038
2348 0.04823247452708128
2362 0.059082004152324424
2393 0.04873288322137139
2397 0.09629739897783407
2435 0.05398324409884399
2498 0.06281155594697672
2525 0.07662280421890501
2559 0.06956911413070088
2579 0.025921914968172168
2611 0.025192508507205585
2751 0.07709167786930912
2836 0.07181518105740432
2838 0.0805504880319038
2873 0.12476336738047725
2881 0.05216015834008009
3013 0.041869015476511916
3152 0.091401577543437
3168 0.14444428160836417
3199 0.10404177514651322
3200 0.0805504880319038
3201 0.031374678004848694
3257 0.07357625596860069
3284 0.0805504880319038
3357 0.04781235329875972
3358 0.019216713533203585
3388 0.028680156763811495
3406 0.04388466948576091
3503 0.01718508659131253
3560 0.051067346248597954
3592 0.021787678613167032
3608 0.07108704480129589
3621 0.06675147182695448
3660 0.050552082735469794
3668 0.022352705283876742
3700 0.06166913293329419
3775 0.05769591775768919
3784 0.03366673249527046
3814 0.07108704480129589
3823 0.021446659328001588
3854 0.06281155594697672
3864 0.037160955691863076
3977 0.033520711182294015
3999 0.021068940952163936
4020 0.08608624744951292
4027 0.05464936950738487
4188 0.03200980938732386
4194 0.07662280421890501
4208 0.021787678613167032
4249 0.06281155594697672
4296 0.014924596655909988
4300 0.07894196958088391
4316 0.06228560428930587
4332 0.028680156763811495
4430 0.0805504880319038
4436 0.04024581835818827
4438 0.03942449457044775
4555 0.04564613070900131
4664 0.03521986692868227
4700 0.04079982996767605
4755 0.10122126375540436
4759 0.056087842153078896
4814 0.028728191980339327
4845 0.021665230594021447
4855 0.07108704480129589
4872 0.03297207253208061
4876 0.05302365594756253
4877 0.0805504880319038
4879 0.08608624744951292
4919 0.05111056600203858
4936 0.037160955691863076
4938 0.08608624744951292
5046 0.02837786701399027
5173 0.04475119420463221
5358 0.08608624744951292
5480 0.06715936098829708
5529 0.07662280421890501
5564 0.05951900351645308
5584 0.0805504880319038
5682 0.020330768607995077
5764 0.11509688198683282
5901 0.02261153507576594
5913 0.0428993457419705
5953 0.030649576856143106
5993 0.07662280421890501
5995 0.015689663048329902
6042 0.04446041922792871
6047 0.022225107508228842
6054 0.05769591775768919
6062 0.08608624744951292
6091 0.021973434711520128
6127 0.042415202814001164
6181 0.0805504880319038
6191 0.030475082072474437
6278 0.061623601570688
6282 0.015768581549100477
6293 0.05398324409884399
6375 0.045886226578302124
6400 0.07357625596860069
6523 0.035722483046169054
6575 0.06281155594697672
6649 0.033814332447621796
6652 0.07108704480129589
6743 0.031374678004848694
6811 0.07662280421890501
6836 0.04625032449199194
6860 0.05274121890883761
6861 0.07662280421890501
6958 0.02608943685664488
7006 0.024727024923652724
7021 0.02254636615671595
7031 0.03521986692868227
7032 0.08622912378955712
7060 0.013714958772322684
7079 0.021010719701381797
7185 0.03555288008725279
7202 0.06715936098829708
7318 0.042415202814001164
7327 0.07134816909607189
7374 0.18066165678287155
7543 0.08608624744951292
7591 0.03965016685916787
7606 0.02072328039795205
7721 0.023451514529687384
7775 0.051067346248597954
7805 0.06675147182695448
7814 0.03965016685916787
7829 0.05216015834008009
7836 0.05005556028584517
7862 0.16080155852600475
7886 0.048665935143487465
7894 0.0805504880319038
7957 0.0655512853836868
8011 0.04553158683098885
8112 0.05951900351645308
8252 0.07108704480129589
8275 0.024276889780471822
8314 0.04740477489412101
8342 0.0325400842957175
8397 0.1544080349298958
8408 0.0805504880319038
8423 0.060530789479205864
8461 0.04347057907658882
8469 0.040113020086751015
8472 0.03678688126138404
8494 0.053348112716368815
8506 0.029093911537077827
8539 0.03660361860886356
8618 0.03660361860886356
8711 0.030887023930085116
8712 0.08901306585181304
8783 0.05951900351645308
8836 0.05686821812472892
8885 0.03942449457044775
8944 0.051602821257080565
9009 0.046624398922470986
9017 0.03752310968211513
9077 0.018406019600522933
9096 0.05951900351645308
9161 0.08394024908791983
9171 0.023912791866781996
9258 0.12293052393212431
9314 0.023912791866781996
9403 0.04911361008977577
9405 0.02027560545166374
9430 0.05005556028584517
9543 0.049576463317358925
9545 0.12932404752823326
9599 0.09371513738187995
9620 0.06715936098829708
9622 0.015927800410343373
9802 0.056029271227917954
9824 0.07181518105740432
9826 0.031128673824629357
9831 0.030887023930085116
9837 0.033520711182294015
9856 0.04059211705523727
9969 0.05274121890883761
10016 0.02973904868227165
10135 0.06493034895943814
10143 0.03814359999441941
10144 0.035894219431547754
10175 0.024957783024545092
10181 0.060530789479205864
10221 0.0655512853836868
10222 0.041343840628924135
10279 0.05464936950738487
10309 0.04857111668455794
10341 0.08608624744951292
10358 0.032675934795864746
10359 0.033814332447621796
10382 0.05769591775768919
10398 0.04553158683098885
10401 0.07357625596860069
10557 0.031625196274253975
10576 0.06281155594697672
10599 0.05005556028584517
10634 0.03053238418277185
10666 0.025674424276696695
10686 0.05397820497008974
10784 0.018765752303924677
10807 0.02216175304364607
10810 0.05388066229155453
10849 0.052912748839122864
10862 0.04269671510947217
11472 0.05274121890883761
11592 0.11098797402946968
11596 0.07830183636796754
11604 0.06458272878695757
11607 0.06291896735659103
11613 0.05857705332038368
11615 0.018521508534077007
11646 0.03281315065054271
11660 0.04035046716069303
11663 0.03700125924961882
11671 0.05857705332038368
11693 0.05951900351645308
11745 0.04347057907658882
11769 0.02973904868227165
11815 0.032405572245904006
11829 0.07662280421890501
11833 0.06675147182695448
11863 0.020497608109231933
11872 0.05857705332038368
11878 0.02527971463336167
11883 0.05686821812472892
11925 0.05398324409884399
11955 0.03411440744155877
12005 0.05005556028584517