322
t_index tf-idf
74 0.02585460463313346
80 0.055748966030143066
179 0.08949740662987116
185 0.06324511998004258
186 0.10802793609707488
238 0.03972854989391283
303 0.032835826805138434
325 0.04264753671216326
467 0.03139745087451541
615 0.037250127603344486
628 0.05776290249980776
753 0.014296759808296242
771 0.04264753671216326
841 0.06863423679202127
933 0.0249195122486654
942 0.025001750901793414
956 0.01690270156408091
969 0.04558334993611648
1108 0.06290536993462437
1155 0.03815242810632059
1210 0.04297971295937547
1298 0.10167652800777936
1319 0.04332074827621052
1356 0.05253514041161083
1416 0.07799480696188033
1453 0.03713865613879454
1500 0.033228965342773434
1539 0.06439028812603598
1551 0.030995698468247616
1571 0.08949740662987116
1601 0.08063339439812223
1625 0.0270558109906176
1649 0.04940049812030768
1658 0.026303354764071068
1662 0.032835826805138434
1669 0.04367112817986191
1706 0.04367112817986191
1830 0.09879003195420152
1925 0.01878669981188274
1956 0.029861037426389143
1981 0.0943912046530689
1998 0.15212594609135213
2001 0.05508640339420802
2014 0.10167652800777936
2025 0.06891580759554809
2030 0.01819179875886867
2052 0.07394164754960517
2111 0.09019775377997338
2115 0.026487358895303056
2121 0.035538061544711064
2268 0.08063339439812223
2306 0.05692465283443129
2322 0.0423237709003013
2336 0.03591982322236653
2362 0.03268448697388585
2393 0.02695929682314524
2397 0.07277097981844233
2416 0.09879003195420152
2471 0.07544827963661546
2481 0.04917450850794129
2515 0.05985905303641935
2525 0.1506161073644689
2533 0.03022818416932345
2559 0.03848601341835513
2567 0.011202561502621916
2576 0.05326608600820892
2579 0.05095425529956736
2591 0.044318997984423895
2661 0.07544827963661546
2664 0.04440207377645999
2751 0.04264753671216326
2760 0.020122785106148414
2827 0.0531289498199309
2836 0.08337482301832959
2873 0.04478383545411546
2888 0.03411570072762655
2950 0.04643620366745653
2970 0.054041357702875444
3020 0.07649189510962047
3042 0.029504137988317115
3081 0.08949740662987116
3103 0.05326608600820892
3111 0.07544827963661546
3152 0.050563851268636294
3176 0.05883296244737116
3201 0.029387351181299162
3202 0.047350025650104065
3208 0.027549620082486247
3270 0.06017116870699335
3279 0.06891580759554809
3283 0.041699839036887364
3324 0.029504137988317115
3378 0.064612978261892
3496 0.05883296244737116
3503 0.027253833726784114
3714 0.0296220011866062
3738 0.03345975866855237
3823 0.011864408926146042
3866 0.07394164754960517
3890 0.0928973655684544
3924 0.020757988954857275
3929 0.03735358668531498
3999 0.01973439748715863
4021 0.04332074827621052
4065 0.05665229605187564
4082 0.07166037337051022
4238 0.03651472427538059
4271 0.08949740662987116
4296 0.023668922093480288
4317 0.021614926373439147
4379 0.08460478717312106
4394 0.05326608600820892
4408 0.08063339439812223
4431 0.03010462701017217
4447 0.08063339439812223
4451 0.08063339439812223
4458 0.08364231411065584
4493 0.08949740662987116
4536 0.0296220011866062
4555 0.05299350378706791
4700 0.016014578169231276
4721 0.06891580759554809
4752 0.0518437251911244
4759 0.08894972486823972
4845 0.020292917103147345
4860 0.05458863253585192
4872 0.030883563953254783
4874 0.08949740662987116
4876 0.028544737224213614
4909 0.03713865613879454
4919 0.0674716233180558
4924 0.10367249242160358
4952 0.0717693821663733
4969 0.06891580759554809
4977 0.031128218477870815
4986 0.047350025650104065
5088 0.016858981636063974
5147 0.06290536993462437
5173 0.041916575515796715
5215 0.034285081567969326
5250 0.02064012575656819
5472 0.026768426615780994
5489 0.09149997242825504
5510 0.0901873233442625
5596 0.045974125481056435
5644 0.020188431806547114
5682 0.019042982266672205
5764 0.13912099438660838
5780 0.045177345471126513
5812 0.08751179463829399
5836 0.03378352448041433
5845 0.041779968887760845
5909 0.02848957445356605
5916 0.04332074827621052
5918 0.03591982322236653
5948 0.03153422294286078
6009 0.08063339439812223
6047 0.0352468043364632
6063 0.03060618409772716
6091 0.020581599034323068
6100 0.06658426740486653
6112 0.036719337704367555
6141 0.08063339439812223
6143 0.05118778313205023
6215 0.08882118571414607
6229 0.02859840971890756
6266 0.021614926373439147
6282 0.025007397976316934
6333 0.06139915264335977
6397 0.03411570072762655
6400 0.06891580759554809
6413 0.04600266837054346
6447 0.035351371127051986
6458 0.08894972486823972
6537 0.09318273766962695
6571 0.02359677108159337
6575 0.05883296244737116
6594 0.0652646794315382
6613 0.02233098481295533
6687 0.043479042482654114
6772 0.018337949680945126
6794 0.1065080497468896
6798 0.06290536993462437
6802 0.026487358895303056
6821 0.03631333323937758
6837 0.06658426740486653
6984 0.03650918471483454
7006 0.03921459587919409
7021 0.03575628851873
7032 0.06516248511028021
7070 0.01473275884984444
7146 0.0411049379838733
7171 0.03735358668531498
7267 0.027449321007628657
7268 0.014084210873941936
7269 0.010127301009120765
7472 0.06290536993462437
7473 0.04833420856122502
7501 0.047350025650104065
7550 0.0717693821663733
7556 0.0827208099889301
7564 0.05486668060229239
7595 0.07544827963661546
7648 0.0518437251911244
7662 0.04833420856122502
7721 0.02731283726280221
7725 0.06504795370131576
7732 0.056696663705418954
7775 0.04783265147367003
7805 0.03692727832642366
7860 0.020757988954857275
7869 0.06139915264335977
7932 0.03555105400845122
7963 0.03631333323937758
8016 0.02643409877854607
8042 0.06005179536379916
8067 0.11668460532641392
8087 0.008875696167225146
8131 0.0717693821663733
8244 0.027650712043631665
8288 0.06735795463082969
8312 0.03544916168525731
8316 0.03411570072762655
8452 0.06891580759554809
8461 0.040717076783408794
8494 0.049968950215622226
8529 0.027251052439346963
8539 0.05804968919207502
8631 0.03631333323937758
8671 0.06290536993462437
8711 0.06903689415484586
8712 0.09480401458731441
8719 0.030734708460859756
8732 0.08063339439812223
8751 0.04643620366745653
8777 0.019679864071941274
8783 0.055748966030143066
8795 0.05253514041161083
8863 0.0375721914357076
8956 0.04478383545411546
8991 0.036719337704367555
9009 0.04367112817986191
9077 0.018609743795307547
9108 0.09607570238091513
9123 0.07267646720697538
9125 0.06290536993462437
9171 0.047004957126103294
9186 0.0518437251911244
9208 0.03181223533743979
9241 0.04332074827621052
9284 0.0440763790889478
9318 0.02667404931296213
9329 0.064612978261892
9351 0.0595435282766895
9360 0.04453545095805493
9381 0.06290536993462437
9430 0.04688495379839413
9545 0.09772888730756467
9667 0.0928973655684544
9687 0.04367112817986191
9692 0.06290536993462437
9764 0.07544827963661546
9766 0.056696663705418954
9819 0.06658426740486653
9837 0.03139745087451541
9850 0.064612978261892
9856 0.038020941566645206
9863 0.044031379227568924
9876 0.05118778313205023
9893 0.050563851268636294
9922 0.05253514041161083
9936 0.03411570072762655
10036 0.014136063684103424
10110 0.023492649108599
10132 0.05253514041161083
10175 0.023376913520375443
10205 0.03167247365680983
10207 0.06005179536379916
10261 0.05326608600820892
10283 0.052931380760697505
10306 0.049968950215622226
10309 0.06386259163056598
10330 0.06476518811537622
10358 0.03060618409772716
10359 0.07557984528996357
10441 0.08063339439812223
10458 0.06139915264335977
10461 0.014956462510387993
10500 0.06139915264335977
10510 0.07544827963661546
10569 0.056696663705418954
10740 0.010626795671626678
10771 0.015892592508268046
10784 0.029760611931261574
10788 0.05720047922339141
10807 0.020757988954857275
10892 0.035351371127051986
10910 0.056696663705418954
10920 0.015572874193350503
11120 0.03825136341304809
11192 0.023202012815695616
11318 0.03167247365680983
11323 0.01690270156408091
11327 0.03404056080837468
11457 0.03010462701017217
11505 0.08063339439812223
11559 0.04688495379839413
11596 0.030734708460859756
11607 0.03480711594811298
11663 0.016514501103504498
11704 0.020757988954857275
11712 0.046989252573655126
11789 0.07009448071284259
11815 0.03035294678320429
11816 0.026212336113008643
11854 0.026840087149031747
11857 0.06255034985825181
11867 0.0389686392419211
11872 0.05486668060229239
11925 0.050563851268636294
11934 0.01036147357163475
11944 0.02420223641979239