324
t_index tf-idf
55 0.04760260710739152
74 0.02625035297166382
91 0.15385173889691894
100 0.048789876099817206
101 0.027178162541299317
102 0.031878041825102
107 0.03646963671061221
195 0.03349393110788483
205 0.0344681736618996
279 0.037281389110476314
319 0.027371954339169825
326 0.028925655450178427
333 0.01826813820140712
376 0.05073380929223702
386 0.09086731541320478
444 0.01851952940514954
466 0.03814729720686957
467 0.031878041825102
473 0.03608203152647924
481 0.022537548968328464
497 0.1529215409648347
535 0.02315758340319527
558 0.05764876586435339
587 0.06233897024995516
627 0.08398699152910541
629 0.029036156622852253
665 0.036869170062253084
669 0.05570650770454894
720 0.06421319323072303
728 0.024494240216059546
760 0.07286793362955421
773 0.0818676245213795
920 0.029260020951640094
935 0.025723910209355907
956 0.0479105733315893
960 0.0462810800023016
1006 0.02881608678796711
1105 0.07286793362955421
1106 0.06233897024995516
1140 0.0818676245213795
1164 0.07286793362955421
1200 0.03931780186917262
1341 0.04935118745238848
1460 0.0818676245213795
1488 0.014335512373295008
1500 0.019925964558353142
1550 0.06458898871179349
1558 0.0333384345257667
1584 0.023299484372113898
1594 0.05807940669041706
1604 0.12337613637810896
1690 0.054868551845903654
1719 0.022537548968328464
1730 0.05073380929223702
1774 0.02233728058522882
1776 0.04144233512292413
1869 0.11907134271107825
1895 0.14187343499715316
1925 0.019074261944141892
1940 0.048074797668330345
1984 0.09086731541320478
2036 0.02797131349182249
2049 0.032587716236648
2099 0.04033666236887939
2103 0.03044118118238625
2124 0.03770712592089838
2128 0.029036156622852253
2148 0.06174846257261853
2172 0.027568682487913745
2218 0.04087773271692729
2225 0.054868551845903654
2231 0.028386830853138312
2317 0.012754677415906818
2337 0.05263728086133252
2348 0.04586886095407837
2377 0.042338125417591986
2398 0.0580760290504728
2399 0.05154140009187174
2467 0.07286793362955421
2479 0.10554905171772189
2512 0.09801949972775215
2533 0.03069087752052902
2567 0.011374035604231858
2591 0.021441490290560965
2714 0.02344295333927356
2754 0.02914760631504428
2833 0.0333384345257667
2896 0.057564501786101875
2955 0.0818676245213795
3042 0.029955748591315223
3082 0.02960322532374095
3197 0.06997068028617376
3254 0.023087210280134333
3270 0.03608203152647924
3310 0.0586037610479294
3311 0.07286793362955421
3348 0.0566022979992168
3358 0.018275005993191595
3369 0.08758373373183397
3387 0.048074797668330345
3400 0.036869170062253084
3458 0.0696419832917765
3459 0.13289502915200296
3475 0.037073643727792455
3503 0.016342938135967364
3508 0.04144233512292413
3509 0.030318110977347337
3511 0.032157274295020556
3514 0.05197129850252319
3517 0.0344681736618996
3518 0.05333927935812987
3582 0.028925655450178427
3663 0.09801949972775215
3712 0.029487812924538406
3714 0.06311663736239305
3722 0.04553345597691333
3788 0.03770712592089838
3789 0.09086731541320478
3947 0.014264172581624813
3980 0.018323543655023186
3987 0.0597335001840623
4065 0.03397191671887262
4082 0.07275725627018145
4089 0.12315624406012977
4123 0.04060437926427883
4154 0.054081413310129806
4227 0.029036156622852253
4279 0.07286793362955421
4296 0.014193222626827234
4316 0.03498415451534007
4317 0.03715743432025383
4436 0.04743912549815815
4438 0.06348034202540295
4439 0.054868551845903654
4646 0.02181785894485443
4688 0.04714698809869485
4700 0.02753007927063792
4712 0.04470535376401106
4742 0.03931780186917262
4814 0.016135855446121176
4876 0.02898166258008587
4881 0.10113760742162207
4903 0.0344681736618996
4919 0.048605912680582924
4927 0.09086731541320478
5004 0.04760260710739152
5065 0.06233897024995516
5101 0.05263728086133252
5111 0.03160468837245355
5171 0.03201690742067678
5203 0.057564501786101875
5233 0.05570650770454894
5262 0.048605912680582924
5285 0.05466850914180354
5325 0.04508172241830452
5360 0.07286793362955421
5472 0.027178162541299317
5546 0.03094547017603694
5644 0.012106124055212957
5682 0.032736098685264524
5685 0.02652180138294444
5833 0.029487812924538406
5869 0.06070373598552414
5890 0.06136168070578649
5976 0.05263728086133252
5995 0.025263105777845282
6042 0.024972225827047338
6047 0.02113597479664873
6091 0.043853935269401005
6191 0.01711703678973807
6212 0.07286793362955421
6229 0.029036156622852253
6234 0.04060437926427883
6240 0.01851952940514954
6281 0.048074797668330345
6282 0.014995848370015283
6355 0.12298657309735417
6381 0.03666786665907085
6385 0.04546932760243749
6387 0.03608203152647924
6410 0.030942274872088452
6446 0.03498415451534007
6454 0.03608203152647924
6482 0.022403694077446034
6491 0.0210157534801389
6537 0.0763299912073384
6571 0.023957959468835405
6594 0.04701605139425583
6687 0.026072489787254575
6691 0.057564501786101875
6697 0.07766273259989395
6752 0.021628310915421497
6764 0.06233897024995516
6897 0.03956512000245131
6904 0.05133781630941727
6931 0.09086731541320478
6984 0.015533716199845265
6996 0.09086731541320478
7070 0.014958268577010119
7135 0.043300329204477066
7185 0.05724636453852484
7202 0.06386824273772893
7213 0.02625035297166382
7268 0.03731442324744308
7269 0.03493823440790507
7344 0.0733138303098778
7390 0.046877291531588795
7481 0.04714698809869485
7612 0.04265100343476312
7623 0.060970989394348474
7651 0.038836865057031274
7658 0.0586037610479294
7689 0.13861393763751395
7721 0.025359524763900684
7876 0.10113760742162207
7895 0.04907404515914273
7922 0.023228340032907132
7932 0.04473909836646565
7988 0.03373759071191302
7989 0.03589248349704631
8022 0.043300329204477066
8032 0.09086731541320478
8127 0.04490531323490324
8235 0.042419481791005645
8244 0.028073952835967173
8272 0.09305160522987362
8275 0.023087210280134333
8312 0.02125731969314491
8316 0.03463789907768196
8414 0.042032609923679756
8421 0.06386824273772893
8507 0.04475104242417945
8618 0.08306660264303292
8641 0.032764387496011106
8692 0.034034540090396415
8693 0.08059822001118276
8704 0.04714698809869485
8750 0.02616111681683056
8872 0.05015665607867112
8886 0.054081413310129806
8893 0.05263728086133252
8894 0.08150352226203096
8913 0.0818676245213795
8972 0.054868551845903654
9077 0.016321356086078802
9183 0.020779393088368795
9195 0.0818676245213795
9239 0.0818676245213795
9241 0.04398384540716535
9262 0.07660314283157997
9284 0.04475104242417945
9300 0.024810934194880247
9314 0.04772444728846714
9318 0.027082340634653958
9319 0.12970039530732042
9320 0.027371954339169825
9363 0.03860291621556624
9391 0.04592112388098718
9397 0.020147915423218997
9405 0.019282007326825747
9448 0.043300329204477066
9585 0.0597335001840623
9587 0.08308958119987395
9622 0.015147264773159115
9715 0.043637589969507236
9827 0.040074354267317445
9837 0.031878041825102
9862 0.028386830853138312
9894 0.038836865057031274
9938 0.02315758340319527
9946 0.03792534634200371
9955 0.06386824273772893
9957 0.03931780186917262
9958 0.0818676245213795
9998 0.04033666236887939
10036 0.022119637006914487
10043 0.048423475946325185
10110 0.014087519388309048
10143 0.06141787739089846
10180 0.04670681681272366
10236 0.09086731541320478
10267 0.0597335001840623
10333 0.07286793362955421
10355 0.037492512614531945
10365 0.04490531323490324
10435 0.03365131254293784
10512 0.042032609923679756
10577 0.07286793362955421
10590 0.029719672825540545
10618 0.10482618344410917
10685 0.027178162541299317
10686 0.05133302412119918
10687 0.025300947420826496
10740 0.010789456705922998
10753 0.10842318577809923
10755 0.09086731541320478
10775 0.03094547017603694
10807 0.021075724992854494
10808 0.05133781630941727
10849 0.029719672825540545
10864 0.04144233512292413
10938 0.09922479278851042
11002 0.0235152867264613
11024 0.06760345193975469
11036 0.0462810800023016
11089 0.12970039530732042
11186 0.09086731541320478
11205 0.0462810800023016
11316 0.06386824273772893
11336 0.043300329204477066
11338 0.11446259404791542
11371 0.08692247894039423
11390 0.05015665607867112
11457 0.030565429110626027
11501 0.030318110977347337
11502 0.04586886095407837
11615 0.029822873048344953
11646 0.031205155020812673
11674 0.034809872577517914
11689 0.03311856819681552
11875 0.0485648108942766
11878 0.010074571052316607
11900 0.04033666236887939
11944 0.04160518498350104