283
t_index tf-idf
24 0.03315127011756398
77 0.030685962071944402
100 0.03138149834316581
114 0.04015152396423349
153 0.061758893528218686
195 0.036475797401023476
221 0.027373290189013934
324 0.053335527246037906
341 0.03486727863391971
357 0.0650513982294224
469 0.06268930027584643
492 0.059753337832225646
496 0.059753337832225646
565 0.058896122664948196
574 0.024765515247170078
581 0.05357759399159231
615 0.02432590305665303
700 0.16754870724858228
753 0.01580787669007539
774 0.061641434312431485
942 0.027644347431939602
1006 0.03138149834316581
1041 0.06653104815161799
1192 0.05288839334185036
1240 0.058896122664948196
1343 0.06066589443934636
1399 0.0761999644027881
1431 0.05778171211717251
1488 0.0156117609271931
1551 0.03427183402944838
1584 0.025373769020067972
1645 0.036475797401023476
1702 0.028685197905342165
1734 0.09895696556820996
1753 0.09971980403606974
1822 0.08915605863421387
1827 0.08915605863421387
1851 0.06483241912245571
1853 0.06639905746879203
1863 0.0834228956047682
1906 0.055250491295426314
1912 0.07321387525202044
1978 0.09048680252611548
1993 0.04577464970815164
2030 0.020114607463992427
2049 0.03548890488194119
2063 0.050401348597361444
2300 0.013549456249571825
2307 0.057323423346588
2336 0.06724574680018056
2423 0.033286579473858206
2456 0.11494577372613764
2559 0.08930402990404875
2567 0.02097239203141969
2609 0.03342319618717153
2613 0.03398325830253891
2638 0.03114583089063484
2667 0.16754870724858228
2698 0.09895696556820996
3152 0.055908271282985825
3192 0.02553001060791247
3257 0.1290177548873489
3382 0.09705699261931962
3388 0.02970288302521765
3503 0.030134467436098232
3507 0.03613912149952635
3542 0.05235475567788473
3595 0.03809869102069191
3654 0.059753337832225646
3673 0.08915605863421387
3674 0.02568799794794511
3788 0.04106408057135422
3822 0.0650513982294224
3823 0.01311843493350939
3966 0.06788882564132648
3978 0.04610736434898975
3980 0.04761811004309351
4039 0.03211302628438077
4055 0.0834228956047682
4092 0.0635552829090368
4120 0.03564867742743417
4244 0.04565441219251881
4264 0.05134434594784298
4296 0.015456803542594561
4317 0.023899547544899515
4332 0.02970288302521765
4340 0.06066589443934636
4358 0.03971642133198458
4370 0.044219267868783906
4399 0.04995243089822957
4483 0.07537376053016913
4555 0.06662701504068423
4561 0.08110106922693489
4646 0.04022958139039567
4695 0.08954783407109933
4756 0.0866763150058533
4778 0.03456642218116616
4814 0.029752631163952287
4838 0.0415434390138469
4839 0.09895696556820996
4876 0.044482713432015784
4936 0.038486104839338245
5073 0.05288839334185036
5201 0.03517467595406405
5234 0.049517328265980654
5400 0.0834228956047682
5415 0.06066589443934636
5585 0.0793551517002178
5815 0.16754870724858228
5843 0.018623879735123364
5903 0.05120242350959866
5959 0.03471605024230922
5983 0.05065136885795468
5995 0.027512205871122155
6004 0.06639905746879203
6013 0.027553416444412542
6042 0.02719542973280772
6047 0.03897226673324269
6063 0.033841149369374095
6084 0.039083878248977265
6183 0.05462195582672992
6224 0.09895696556820996
6410 0.019901976091221574
6419 0.09895696556820996
6485 0.0761999644027881
6562 0.07144234124642757
6649 0.03502014195873777
6683 0.09895696556820996
6743 0.03249349013000447
6754 0.03249349013000447
6781 0.057323423346588
6802 0.06988735267320681
6821 0.04015152396423349
6829 0.11014159150362876
6859 0.03526590073140872
6915 0.030573294385548008
6984 0.01691663732051946
7009 0.03186495466130807
7016 0.05086498750535028
7031 0.036475797401023476
7057 0.04873509626837168
7060 0.0370645352131289
7070 0.016289959286286144
7074 0.0415434390138469
7209 0.09895696556820996
7266 0.059753337832225646
7267 0.03035061703023742
7268 0.015572862086071898
7290 0.03735432337840862
7414 0.09895696556820996
7435 0.025928338915583868
7530 0.08612191018390068
7572 0.09146410666068233
7590 0.09178613299211885
7591 0.04106408057135422
7606 0.021462266703362057
7705 0.0793551517002178
7721 0.027617208756260978
7755 0.03249349013000447
7814 0.04106408057135422
7819 0.049095215730952116
7820 0.04451695717630529
7860 0.0229520348758965
7984 0.053442963237366255
7986 0.03236552799124624
8046 0.057323423346588
8084 0.040830360872780434
8087 0.03137700510964095
8089 0.022692583196008396
8090 0.05293315429944894
8095 0.04868534008100572
8132 0.0415434390138469
8148 0.033841149369374095
8154 0.061641434312431485
8192 0.0834228956047682
8232 0.0834228956047682
8327 0.06874252333181563
8437 0.040374201319544084
8467 0.04513182447590462
8475 0.04995243089822957
8508 0.07362198867077213
8519 0.046448096976903996
8539 0.037908893273924514
8592 0.06268930027584643
8689 0.05659815053479595
8692 0.029808752567516233
8719 0.03398325830253891
8735 0.10414279286440904
8746 0.041789353383146266
8766 0.09895696556820996
8775 0.053442963237366255
8906 0.038486104839338245
8915 0.04451695717630529
9077 0.01777439847201524
9087 0.16754870724858228
9131 0.05402017480277998
9137 0.16754870724858228
9183 0.02069419694764194
9218 0.09895696556820996
9304 0.03664719004290792
9312 0.017662159555530278
9318 0.02949340186295997
9361 0.03456642218116616
9389 0.024990555326160645
9391 0.023829721626060587
9397 0.021941625145854744
9430 0.05184052737843541
9517 0.06066589443934636
9520 0.04482104889273385
9529 0.03502014195873777
9543 0.05134434594784298
9546 0.04231268829111622
9587 0.09048680252611548
9589 0.02980879902480562
9592 0.07144234124642757
9635 0.16754870724858228
9692 0.06955424476622173
9701 0.05086498750535028
9715 0.04752251641259193
9724 0.023485672539862133
9736 0.04828701177333432
9823 0.059753337832225646
9824 0.09218724655119448
9829 0.061641434312431485
9853 0.043642056303370175
9862 0.030914027013462256
9912 0.03809869102069191
9969 0.05462195582672992
10016 0.030799534729369298
10025 0.07144234124642757
10036 0.009231445283728339
10052 0.04791231334248314
10110 0.02597573892347562
10135 0.03971642133198458
10137 0.025928338915583868
10143 0.066885730590875
10175 0.02584777049343809
10180 0.05086498750535028
10223 0.04752251641259193
10246 0.08915605863421387
10266 0.05288839334185036
10273 0.04715523031240469
10288 0.05877938258794326
10309 0.05030314893906081
10324 0.07362198867077213
10462 0.03035061703023742
10472 0.027553416444412542
10634 0.03162116034896296
10685 0.02959775451246288
10740 0.011750010340820058
10784 0.03290620321938763
10892 0.03908788586328818
10940 0.036475797401023476
10970 0.055908271282985825
11002 0.0433594397906663
11189 0.04130172851549566
11192 0.015151892108502665
11203 0.061641434312431485
11213 0.09895696556820996
11215 0.09895696556820996
11320 0.06382108173677606
11327 0.017934960039647858
11371 0.055908271282985825
11563 0.025373769020067972
11615 0.04025553953422063
11643 0.023283190991538225
11646 0.05753865798118411
11663 0.01826002538636926
11689 0.015114236374317065
11704 0.0229520348758965
11728 0.06382108173677606
11733 0.023969719995771986
11741 0.0834228956047682
11745 0.06345148824174028
11769 0.05214814538958975
11778 0.02878373293705888
11803 0.04752251641259193
11816 0.028982887212863552
11836 0.046448096976903996
11852 0.03502014195873777
11863 0.02122854700478828
11934 0.027338926488565795
11955 0.07414589772336898