294
t_index tf-idf
27 0.03229565227133061
77 0.02842272754038985
100 0.04921464937814075
193 0.02928895053061647
228 0.08210637095110059
279 0.037605967468505225
319 0.027610259407930084
329 0.08258037851947046
341 0.06777605272716658
440 0.053803660544710766
444 0.018680763698967803
448 0.08258037851947046
462 0.06025355058646575
574 0.048139944755388915
609 0.08258037851947046
627 0.05003593195168016
661 0.03984513549307254
720 0.03825553110542247
724 0.04898762471517093
728 0.02470749139741803
866 0.08159859277439141
889 0.09165842230967569
933 0.025521221937585853
935 0.025947867114853553
1032 0.0404232486732799
1200 0.03966010959633872
1227 0.09165842230967569
1229 0.05709508760238334
1305 0.09165842230967569
1314 0.02831836962762365
1391 0.07727006332229584
1408 0.1551911993082002
1500 0.020099443525012008
1551 0.053747474924901256
1558 0.03362868482479826
1559 0.04095788816147492
1570 0.09165842230967569
1583 0.09165842230967569
1585 0.05242376980616995
1607 0.08664766504581482
1619 0.16215990443433306
1626 0.053803660544710766
1645 0.03378553518762326
1658 0.0456108095796242
1696 0.03147683261170606
1778 0.03620496979750386
1817 0.04849334534753616
1925 0.019240325837418422
1957 0.06150181359637518
1994 0.04870528411722281
2030 0.018631060228470213
2055 0.08303959849994647
2079 0.030831537134760466
2097 0.07350233472926523
2211 0.020436720071583193
2238 0.05242376980616995
2300 0.021249200127257672
2305 0.08258037851947046
2325 0.037605967468505225
2393 0.057943229686796376
2567 0.019425579135557924
2585 0.031609796685296225
2593 0.03698710358228088
2623 0.06288170433491601
2717 0.09165842230967569
2721 0.08664766504581482
2727 0.07727006332229584
2738 0.03426768222575949
2760 0.03489351559603796
2827 0.022801800581064468
2869 0.04334572601596472
2870 0.031214886904807605
3011 0.04270672861500349
3116 0.03781892905107463
3171 0.1017687304649659
3208 0.04777187118692797
3322 0.05242376980616995
3341 0.10646798040346712
3514 0.05242376980616995
3545 0.0505933287848837
3580 0.04151528499467847
3599 0.04547421185576318
3607 0.05242376980616995
3618 0.09165842230967569
3668 0.06855613525851702
3714 0.030337257767125696
3793 0.022398788821500825
3822 0.06025355058646575
3841 0.044725616754505544
3867 0.03583074866012371
4065 0.05802022954486883
4069 0.05178477240520873
4244 0.037189210626852084
4296 0.03416407841950066
4313 0.09165842230967569
4318 0.07057985738658042
4342 0.06819201953209061
4454 0.03426768222575949
4536 0.030337257767125696
4551 0.1551911993082002
4587 0.03443242463387126
4610 0.07057985738658042
4688 0.04755745810392281
4700 0.016401268195594714
4745 0.027222176236278386
4814 0.016276337053460804
4815 0.06819201953209061
4838 0.03847941431371758
4872 0.018680763698967803
4889 0.07350233472926523
4902 0.05709508760238334
4936 0.06035658765831001
4957 0.08258037851947046
4977 0.0318798443712697
5004 0.048017043812178105
5211 0.05619149839920057
5222 0.06025355058646575
5459 0.031085852868383345
5472 0.027414780424440878
5644 0.01221152210935443
5648 0.08258037851947046
5682 0.04092880844177177
5833 0.05036188239880523
5892 0.01695684589569483
5901 0.02169067860180726
5955 0.08258037851947046
5959 0.03215557768735509
5971 0.06442429093905999
5995 0.03158558467723204
6013 0.025521221937585853
6084 0.03620125776366313
6091 0.021078564923095282
6103 0.06819201953209061
6113 0.026034889685900058
6114 0.046915591345062575
6130 0.05003593195168016
6240 0.018680763698967803
6266 0.022136843114602373
6389 0.053803660544710766
6442 0.03147683261170606
6482 0.05897002091934996
6544 0.042398553249242805
6546 0.07350233472926523
6557 0.04812386099883459
6600 0.017813743966512134
6678 0.08258037851947046
6688 0.039909580924965694
6743 0.030096941873165237
6772 0.031798557198521565
6802 0.027126926007298626
6821 0.037190159568444306
6994 0.030337257767125696
6998 0.07122006167731616
7050 0.1551911993082002
7054 0.03781892905107463
7060 0.01315641604033871
7070 0.036005597468681684
7079 0.03412547717921872
7163 0.03659019900340944
7188 0.05242376980616995
7269 0.017561045046371532
7277 0.05806566850537615
7290 0.03459926572779108
7356 0.02780870030668201
7390 0.0381495738873967
7435 0.04066262530660708
7446 0.07727006332229584
7519 0.04626820335864954
7532 0.04668401125871045
7596 0.04095788816147492
7698 0.07727006332229584
7721 0.02558030926535445
7743 0.06288170433491601
7757 0.03803541081879011
7822 0.06442429093905999
7922 0.03967140364225709
7936 0.07727006332229584
7973 0.0411753624283485
7989 0.03620496979750386
8022 0.04367730951799631
8046 0.053095550325017206
8075 0.04759794956950026
8156 0.05619149839920057
8225 0.09165842230967569
8318 0.05709508760238334
8320 0.05806566850537615
8321 0.09165842230967569
8388 0.02831836962762365
8414 0.042398553249242805
8469 0.06515131185486893
8618 0.05945136431625659
8624 0.025775537671208732
8641 0.015748330560473197
8649 0.04849334534753616
8719 0.03147683261170606
8723 0.07057985738658042
8736 0.024016001546398012
8757 0.08258037851947046
8767 0.03215557768735509
8865 0.038707191337637364
8885 0.03781892905107463
8901 0.08258037851947046
8951 0.06150181359637518
8967 0.07350233472926523
8977 0.05242376980616995
9059 0.05117550679626051
9065 0.09165842230967569
9077 0.018165984750248436
9080 0.033111064061598534
9176 0.03659019900340944
9201 0.059113975741885386
9241 0.04436677653346406
9268 0.09165842230967569
9272 0.07607469285654057
9286 0.05455225564596842
9312 0.03903856333879375
9314 0.048139944755388915
9318 0.02731812427535273
9320 0.027610259407930084
9389 0.023147383922758478
9391 0.052670688095641495
9483 0.05117550679626051
9501 0.022733764850104195
9526 0.09165842230967569
9539 0.03493946274460675
9589 0.027610259407930084
9724 0.021753493344555237
9824 0.04068784047550145
9831 0.02962914754743213
9837 0.03215557768735509
9887 0.02895736702858488
9896 0.07727006332229584
9923 0.07727006332229584
9951 0.06617313139258857
9994 0.03659019900340944
10036 0.008550582624336852
10110 0.01421016782016356
10125 0.09165842230967569
10144 0.03443242463387126
10175 0.0405362723006577
10183 0.10201812929420052
10267 0.06025355058646575
10358 0.03134520488307467
10418 0.09165842230967569
10440 0.09165842230967569
10461 0.015317603142462681
10477 0.05619149839920057
10599 0.048017043812178105
10607 0.02207216718683569
10666 0.02462883140866992
10667 0.020608672415884266
10675 0.1542529029086328
10691 0.030831537134760466
10708 0.053095550325017206
10715 0.021078564923095282
10733 0.17539820689359234
10740 0.010883391621579036
10775 0.0655079452478145
10840 0.041803139411820726
10846 0.03147683261170606
10849 0.029978417546084223
10856 0.06981458994900726
10862 0.08595472741356537
10941 0.08258037851947046
10959 0.03739641341782888
10965 0.07057985738658042
11002 0.02372001496584198
11012 0.03825553110542247
11036 0.04668401125871045
11072 0.059113975741885386
11074 0.06819201953209061
11300 0.04711345460899533
11306 0.07339069379325455
11323 0.017310836330064663
11371 0.08767924139381762
11444 0.04302233060345091
11472 0.0505933287848837
11517 0.025605446335615175
11518 0.11545912560744795
11559 0.048017043812178105
11596 0.08213684038032786
11616 0.022870191591603667
11624 0.09165842230967569
11689 0.013999490106944625
11690 0.03698710358228088
11759 0.02801019426186296
11769 0.028527923678299996
11822 0.17330419716382472
11852 0.06807319300219912
11863 0.01966284147066417
11867 0.039909580924965694
11878 0.01016228204721319
11933 0.05806566850537615
11960 0.03332050945903757