418
t_index tf-idf
14 0.038395851063323355
20 0.05861647573760241
27 0.07986565818359595
68 0.06939295222769083
74 0.02345513000562611
100 0.025747656139891283
101 0.05096300174748338
108 0.043594571399283896
113 0.03125892795346301
116 0.07366033719859083
176 0.05143484640224011
193 0.06191071823489867
195 0.029927388381518184
227 0.036588538980858495
232 0.06510871904722429
279 0.03331154553694868
293 0.037290133729192515
319 0.051326389512146096
324 0.04376033293738038
327 0.0386895693126006
332 0.022026636796103397
333 0.01632288742697201
336 0.050671473259689986
363 0.022915620726582625
379 0.02081847949251964
392 0.09430984538311166
438 0.04622537065833175
444 0.01654750967766762
473 0.03223989944951316
484 0.019958734294515747
501 0.03604148336124814
511 0.03173904824052959
512 0.037290133729192515
563 0.024198524916146956
574 0.0203194240038649
581 0.04998492388759793
628 0.05240213133636677
654 0.05447860013005575
661 0.04129213206840015
702 0.04765953940131146
720 0.03388693210793469
732 0.06510871904722429
753 0.012969927976893524
768 0.04765953940131146
779 0.08453477658367763
816 0.04432206742421857
857 0.039944982287067686
866 0.03705624264069446
935 0.022984744580950792
960 0.04135292007031487
1096 0.08557679489175492
1098 0.06040481649095097
1126 0.08119146811395668
1149 0.04392750522892988
1155 0.020442189712023932
1159 0.05447860013005575
1173 0.088659014114899
1178 0.03428701489812632
1221 0.06251997466342196
1319 0.039300302486829204
1320 0.0584006287724954
1505 0.05861647573760241
1538 0.07315009358059049
1584 0.03524874985630467
1607 0.04533150826255871
1625 0.05151013776736297
1719 0.020137677448792156
1832 0.044815812200415625
1842 0.04098459544712569
1850 0.018777927693960608
1912 0.016199880637943618
1925 0.017043172491590992
1994 0.05730357342917072
2055 0.026347854692591283
2065 0.06601736195536229
2103 0.027199705197428172
2115 0.05734065038831767
2128 0.025944292222961084
2211 0.03065094896002583
2228 0.04765953940131146
2238 0.04643722559668955
2242 0.053464153526125074
2300 0.018822642929096148
2317 0.019295982114919574
2336 0.0325862311729192
2352 0.04703229198776583
2393 0.06827889778190585
2396 0.09224028821105658
2407 0.02555429747789314
2515 0.05430374553798487
2533 0.027422813057325884
2554 0.06510871904722429
2567 0.01720727074759284
2585 0.028000108827881946
2612 0.037290133729192515
2628 0.037829824114596705
2632 0.044815812200415625
2639 0.022832094336966532
2640 0.07315009358059049
2668 0.04977469757378244
2721 0.04533150826255871
2738 0.06370227746185582
2754 0.02604387438942844
2760 0.04763596865200376
2773 0.02765029585879
2832 0.026980807171981522
2833 0.029788449581230503
2857 0.06510871904722429
2869 0.038395851063323355
2976 0.05706734451385808
2985 0.0458711986479629
2997 0.07862505759206105
3012 0.07315009358059049
3039 0.039944982287067686
3062 0.03580710667952102
3070 0.04432206742421857
3102 0.036280692890852374
3146 0.12495458627221324
3193 0.020442189712023932
3208 0.04231655158882291
3243 0.05143484640224011
3254 0.02062880903629448
3271 0.04432206742421857
3308 0.05875455953166032
3324 0.04531871486896009
3351 0.05447860013005575
3372 0.0606267017184402
3388 0.024370398447315367
3435 0.029248759195826313
3440 0.05861647573760241
3492 0.03580710667952102
3494 0.04432206742421857
3521 0.024721978418339178
3573 0.034716396794078605
3582 0.05423980473346859
3592 0.048310222461629374
3598 0.03899091745439963
3599 0.040281273982879354
3600 0.04295563684503815
3602 0.050575101204236216
3654 0.049025969980491885
3674 0.02107629568394917
3712 0.026347854692591283
3722 0.0406849054828638
3728 0.03350018792359443
3754 0.06510871904722429
3773 0.07315009358059049
3780 0.08453477658367763
3788 0.03369194850705004
3820 0.04098459544712569
3867 0.053738880042108764
3872 0.0406276057062854
3886 0.03961816486794526
3889 0.039300302486829204
3896 0.05236344195758477
3901 0.07825753289016059
3913 0.03702942048414293
3929 0.03388693210793469
3958 0.020258524907795127
3963 0.08119146811395668
3980 0.016372393127675855
3999 0.017902917689594885
4051 0.03294322091375949
4064 0.05257305542145352
4068 0.09224028821105658
4188 0.027199705197428172
4208 0.0185136508638235
4238 0.07904819982152692
4244 0.015697220737077286
4316 0.03125892795346301
4336 0.013331982218255685
4436 0.0341980916389169
4438 0.03350018792359443
4480 0.028607642980675366
4576 0.02345513000562611
4583 0.07275720537922202
4584 0.17038941271895452
4639 0.06040481649095097
4655 0.03491426231167195
4673 0.04253372667087001
4695 0.04339347186887391
4700 0.02459858688586149
4745 0.0408277615721317
4749 0.06654119635072789
4804 0.040971664235483804
4814 0.014417657074908804
4860 0.06979614913875389
4867 0.054300136101859325
4908 0.03079789041957064
4924 0.044815812200415625
5040 0.06251997466342196
5083 0.03652493877875633
5088 0.03649684272855289
5090 0.05143484640224011
5116 0.05164167666465304
5171 0.04843695005519601
5173 0.022459031608275
5183 0.04765953940131146
5198 0.04278611878698336
5229 0.04662249550369646
5285 0.05238681313135223
5293 0.024113533685021664
5319 0.03241177298068157
5476 0.04392750522892988
5534 0.03810938586283579
5596 0.024633079507001374
5606 0.04533150826255871
5644 0.022700740730486963
5682 0.017275670276049256
5813 0.0458711986479629
5833 0.06287373708053683
5834 0.04135292007031487
5869 0.02584555757456849
5890 0.021011302510259722
5892 0.035843227202817234
5901 0.03253163327596604
5910 0.05143484640224011
5913 0.02940994944367911
6031 0.05901108264131288
6042 0.022313101996590954
6063 0.02776573214615482
6084 0.018939432638615323
6191 0.015294359037677516
6234 0.036280692890852374
6276 0.04295563684503815
6282 0.022686549609242955
6293 0.0458711986479629
6332 0.0811944056027002
6342 0.07315009358059049
6444 0.04533150826255871
6447 0.032070535110776115
6482 0.04776902155011796
6491 0.018777927693960608
6555 0.08119146811395668
6557 0.042628345844819365
6594 0.024811563814553135
6600 0.04117562412751772
6613 0.020258524907795127
6687 0.02329620627160863
6743 0.02666001481202398
6786 0.09532048598666354
6827 0.04703229198776583
6836 0.039300302486829204
6844 0.019103217728292304
6859 0.017089300787597458
6915 0.02508454702495719
6984 0.013879635574087971
6998 0.06587765183872397
7031 0.029927388381518184
7060 0.019731964578308555
7065 0.06040481649095097
7070 0.013365463485827043
7108 0.04188564505673239
7110 0.06844619102431718
7163 0.03241177298068157
7185 0.03021035975539864
7213 0.02345513000562611
7254 0.06801974507477936
7267 0.024901846380393288
7269 0.027065319527420074
7333 0.05803603845252163
7356 0.024633079507001374
7367 0.03677443766704943
7390 0.019958734294515747
7420 0.05706734451385808
7472 0.05706734451385808
7473 0.043848481212887216
7532 0.04135292007031487
7606 0.017609199440317642
7641 0.06510871904722429
7653 0.07862505759206105
7713 0.037556840904192645
7720 0.042628345844819365
7721 0.009495542734421849
7749 0.05706734451385808
7753 0.0325862311729192
7755 0.02666001481202398
7757 0.03369194850705004
7860 0.01883151324493955
7868 0.025176987762352485
7937 0.018153494410486075
7973 0.060139350510471055
7988 0.037364077319963496
7989 0.054300136101859325
8010 0.043848481212887216
8040 0.040281273982879354
8087 0.013633177286022494
8089 0.018618640278657783
8141 0.06939295222769083
8174 0.027422813057325884
8206 0.04974694376153078
8215 0.03677443766704943
8250 0.05447860013005575
8333 0.03702942048414293
8342 0.04681602047495862
8405 0.04643722559668955
8461 0.02181633645454915
8530 0.036280692890852374
8574 0.04310551811206671
8580 0.06844619102431718
8594 0.05236344195758477
8609 0.08069461476411613
8641 0.03640151901885162
8659 0.055700913934677666
8677 0.03702942048414293
8692 0.027809913011497968
8706 0.0584006287724954
8707 0.05214536133109018
8749 0.050575101204236216
8750 0.023375396006808047
8843 0.04703229198776583
8944 0.043848481212887216
8947 0.03535209733550771
8977 0.04643722559668955
8982 0.05861647573760241
8990 0.07504378349590347
9017 0.01883151324493955
9050 0.13746910532266848
9077 0.01609151602702988
9080 0.036353702949039245
9097 0.1017443782460989
9161 0.04212662345616084
9164 0.050575101204236216
9171 0.053022275354508576
9172 0.029117670217315372
9183 0.016979019334018203
9211 0.030354476529957153
9241 0.039300302486829204
9284 0.023616261084208338
9312 0.01449131605988868
9318 0.024198524916146956
9320 0.024457299611411562
9392 0.04432206742421857
9397 0.01800249985606224
9405 0.01722879647021628
9501 0.06842571900838923
9506 0.08119146811395668
9546 0.020504063198213785
9569 0.13663795789194433
9573 0.03865809615291358
9622 0.028403321230089183
9630 0.03580710667952102
9634 0.04098459544712569
9687 0.03961816486794526
9837 0.028483564245390128
9843 0.09513326030366567
9865 0.03241177298068157
9938 0.03503407421465114
9939 0.11023864408467741
9969 0.07587976607163772
10016 0.02527017100358248
10036 0.007574146914225388
10052 0.02321755342009681
10110 0.021312379239115997
10137 0.02127348883653295
10179 0.06878851605449827
10180 0.041733323040416236
10198 0.04432206742421857
10283 0.0283607985372311
10288 0.059775957950443326
10290 0.024811563814553135
10330 0.05875455953166032
10331 0.03865768381714016
10358 0.02776573214615482
10461 0.013568405998978425
10526 0.07188126283896937
10553 0.053464153526125074
10557 0.026872887778305748
10578 0.11023864408467741
10585 0.0386895693126006
10597 0.05236344195758477
10607 0.05458345120590353
10645 0.04212662345616084
10682 0.06844619102431718
10702 0.031903607753701484
10715 0.03161358649261637
10740 0.009640560262205807
10753 0.03470138934539018
10799 0.039300302486829204
10845 0.04765953940131146
10886 0.08119146811395668
10890 0.035131114441484826
10907 0.040281273982879354
11084 0.07315009358059049
11124 0.06251997466342196
11169 0.048322648516245556
11179 0.08427588886027369
11182 0.04432206742421857
11192 0.02104871587504096
11278 0.06844619102431718
11282 0.07315009358059049
11301 0.05706734451385808
11327 0.030881376472554612
11435 0.08069461476411613
11440 0.09000565135662986
11517 0.03840299353235805
11553 0.08119146811395668
11597 0.05861647573760241
11615 0.015738287155750617
11639 0.0646328312995648
11643 0.040090247477696725
11646 0.027882328616645885
11651 0.055293931637913796
11654 0.11200898771717076
11663 0.014981848527838376
11676 0.038395851063323355
11690 0.03276335295170538
11704 0.01883151324493955
11763 0.03241177298068157
11807 0.03110320412324771
11854 0.030180147987336578
11874 0.03369194850705004
11878 0.01889128381523805
11879 0.05826950668578768
11900 0.06102353593629547
11934 0.00939986177011975
11939 0.036954882339058207
11940 0.06497982203460813