349
t_index tf-idf
36 0.058892166853994475
66 0.027317425991474888
74 0.025355340015636548
88 0.037512711532884484
108 0.027833594436527987
201 0.035371347686567044
211 0.06430107490245304
221 0.024278543018655084
252 0.0337913602096525
300 0.06021350602860407
303 0.03220175149272568
311 0.049004026204208274
336 0.03235194637639564
379 0.02250508208715006
484 0.02157568490124785
493 0.05996732086914326
546 0.08776916946971881
606 0.0631319374183132
614 0.04511433513343709
670 0.0566056498047609
728 0.02365910240419537
753 0.01402068262906965
766 0.07399133774916145
806 0.07163607614481783
892 0.07021308340229108
920 0.0478523902510918
937 0.061690637553117995
942 0.024518955292351364
956 0.0165763024196809
965 0.06758501082619475
1032 0.06553835496664917
1041 0.059009235041593555
1152 0.08112343210811612
1295 0.05380717910563737
1424 0.040029347385079996
1502 0.04740085218267067
1507 0.06398069151313839
1532 0.07038348152531827
1550 0.03684665468696034
1575 0.08406006926004876
1580 0.061690637553117995
1682 0.07399133774916145
1686 0.06351454176706191
1689 0.05452230474900051
1696 0.051033499202537136
1723 0.04791280583256062
1742 0.04150647890959393
1860 0.026821664884686517
1912 0.03675154664614076
1925 0.03119440781710941
1956 0.029284406700826188
2034 0.08025661922922758
2050 0.06919415791344091
2072 0.08297102880374094
2079 0.029523292454784727
2083 0.04470311393587543
2099 0.06596733858435438
2103 0.029403280793602164
2149 0.05560182437138554
2160 0.06529849377696116
2175 0.054672427185483326
2206 0.04031118223200801
2211 0.01956954857140979
2222 0.04902461166208576
2282 0.09414207216840069
2287 0.041196805820625015
2291 0.06758501082619475
2338 0.07399133774916145
2352 0.05084259839013705
2362 0.05427101226749294
2465 0.038216136426985
2507 0.08776916946971881
2553 0.05769687017640855
2567 0.01860131239697584
2571 0.06021350602860407
2591 0.02071043682140189
2594 0.06758501082619475
2604 0.032971386990855354
2609 0.02964446366688023
2635 0.04322524340697759
2638 0.02762457088309829
2663 0.09947601088389328
2690 0.09040511334422875
2701 0.03065843974661298
2714 0.02264365944067945
2754 0.02815381071476007
2833 0.03220175149272568
2939 0.04430494960871745
3049 0.03948399525236203
3082 0.02859389526888251
3171 0.046435674308046695
3193 0.022098307307961484
3231 0.03975370721493386
3252 0.0334569104457365
3254 0.022300045538328706
3267 0.03642149116123683
3281 0.048080847466566635
3308 0.037512711532884484
3357 0.04391903845585118
3358 0.017651914671218186
3388 0.026344758643418464
3393 0.07038348152531827
3462 0.0337913602096525
3503 0.015785721195416796
3595 0.0337913602096525
3621 0.036214195154182185
3659 0.059009235041593555
3660 0.046435674308046695
3734 0.035226194483650906
3782 0.0334569104457365
3793 0.02144836276309353
3795 0.04150647890959393
3823 0.011635301590397107
3893 0.04089459546492596
3943 0.07399133774916145
3980 0.04223454050153931
4012 0.0633652711576836
4024 0.045979583213283055
4099 0.038216136426985
4137 0.03396199036408145
4157 0.09768929306631934
4227 0.0280461609302708
4230 0.06021350602860407
4267 0.039930810814374815
4320 0.1368074541858982
4326 0.03541766572786147
4328 0.061690637553117995
4334 0.10110132224216085
4338 0.07906067326923448
4355 0.0566056498047609
4646 0.021073973083605282
4693 0.023887822230872754
4756 0.036632271297467905
4799 0.07572804804161891
4845 0.04176459080863177
4876 0.01653342674410751
4884 0.027317425991474888
4936 0.03413497411200325
4974 0.0566056498047609
5003 0.045979583213283055
5046 0.02606708406287125
5049 0.042484204181852774
5083 0.03948399525236203
5100 0.04511433513343709
5105 0.04511433513343709
5172 0.061690637553117995
5251 0.0522374927485632
5262 0.027728647189036552
5322 0.04844655118713413
5408 0.0387080082104704
5430 0.10669890176935908
5472 0.055091753369730566
5481 0.09256846594347001
5490 0.04089459546492596
5616 0.08776916946971881
5621 0.03448826854195926
5644 0.011693362448221037
5685 0.025617533319176274
5767 0.04844655118713413
5780 0.04430494960871745
5812 0.04089459546492596
5843 0.009755983698701655
5845 0.06314688127344914
5869 0.027939427325267628
5887 0.05380717910563737
5890 0.04766688604441507
5892 0.027492193772179672
5901 0.020770299096826785
5909 0.027939427325267628
5980 0.04690898039918527
5989 0.040029347385079996
5995 0.024401753284601993
6007 0.0633652711576836
6066 0.05084259839013705
6084 0.020473804840994196
6110 0.032971386990855354
6113 0.024930176489913025
6186 0.061690637553117995
6191 0.01653342674410751
6239 0.05118210711682393
6240 0.017888100990642915
6244 0.08776916946971881
6266 0.021197531944044962
6282 0.03039747733921905
6324 0.05560182437138554
6337 0.032053334105039126
6389 0.05152066205640379
6399 0.08776916946971881
6410 0.017651914671218186
6424 0.0633652711576836
6471 0.03503760261561874
6482 0.0216398340073041
6548 0.05152066205640379
6611 0.11055996063327293
6613 0.037079521905832497
6614 0.05380717910563737
6644 0.0566056498047609
6646 0.04182399265082817
6692 0.07353034341460739
6727 0.0633652711576836
6745 0.09584169637069453
6752 0.02089088774601939
6764 0.06021350602860407
6772 0.01798383521804587
6835 0.04214975441793677
6958 0.02396499861528905
6984 0.015004089902281957
7014 0.07038348152531827
7036 0.10445132904000722
7056 0.13297913672630177
7060 0.03517103976820364
7079 0.019299836608837957
7108 0.02157568490124785
7164 0.07399133774916145
7171 0.036632271297467905
7196 0.043544648776362924
7198 0.08776916946971881
7217 0.061690637553117995
7267 0.026919261664316903
7327 0.0387080082104704
7331 0.03704452504753939
7337 0.04511433513343709
7608 0.053053142013498186
7612 0.041196805820625015
7662 0.04740085218267067
7716 0.046435674308046695
7743 0.06021350602860407
7813 0.06758501082619475
7868 0.04608186792997015
7925 0.06529849377696116
7937 0.019624194073510747
7943 0.09942043312989662
7988 0.03258729833965797
7989 0.03466871946657676
7994 0.0633652711576836
8054 0.037512711532884484
8087 0.008704302285368233
8089 0.03407801324190509
8132 0.03684665468696034
8201 0.049004026204208274
8235 0.024199418952469087
8244 0.027116763744368583
8342 0.10416516979518611
8507 0.053576575052709484
8641 0.031647276753276235
8656 0.032971386990855354
8686 0.06825276454116253
8692 0.012598162612457702
8700 0.09885122297983351
8751 0.04553949865916062
8754 0.07038348152531827
8814 0.07038348152531827
8831 0.08608400211660215
8847 0.021322320266069852
8892 0.10962624421134601
8897 0.031197926059350334
8911 0.04740085218267067
8915 0.03948399525236203
8921 0.03921996186036035
8929 0.04690898039918527
8969 0.11473622754276776
8980 0.06021350602860407
8981 0.0633652711576836
9017 0.03446763824433393
9077 0.014292117074731601
9153 0.06529849377696116
9183 0.018354569266630948
9233 0.07907632549751854
9287 0.10966539748378162
9300 0.05029324059195984
9348 0.0633652711576836
9349 0.0931668024796008
9350 0.06529849377696116
9405 0.018624582019274614
9550 0.0501993228817942
9566 0.046435674308046695
9622 0.03070440740211259
9668 0.0633652711576836
9670 0.03684665468696034
9827 0.0387080082104704
9862 0.027418974100067644
9910 0.06529849377696116
9911 0.037064766669579675
9938 0.022368019270533314
9986 0.06758501082619475
10036 0.01718294226013582
10110 0.013607201566128432
10167 0.0501993228817942
10168 0.13297913672630177
10205 0.031060863242733588
10214 0.040029347385079996
10216 0.05779553517622503
10217 0.08776916946971881
10271 0.04430494960871745
10288 0.06461868845878627
10331 0.017512308893161598
10357 0.07942380790582229
10366 0.04740085218267067
10367 0.06021350602860407
10402 0.06758501082619475
10461 0.024834483742336128
10464 0.05380717910563737
10472 0.024438304706427626
10514 0.06758501082619475
10590 0.07490749662895843
10666 0.02358378011837647
10667 0.019734204628838823
10670 0.04625242279762068
10685 0.026251515664522624
10729 0.11693803140327357
10730 0.05769687017640855
10738 0.06758501082619475
10740 0.01764528103867085
10771 0.015585699046454814
10784 0.017237674789590943
10791 0.06924056901157892
10810 0.02358378011837647
10822 0.08776916946971881
10846 0.030141206735293802
10920 0.02585800557502124
10936 0.04844655118713413
10978 0.02381111787622447
11002 0.02271352660126992
11047 0.04791280583256062
11155 0.08776916946971881
11323 0.0165763024196809
11437 0.08776916946971881
11453 0.031336503412879725
11459 0.025795424569758984
11460 0.04150647890959393
11507 0.09503961986351486
11510 0.04740085218267067
11552 0.05152066205640379
11607 0.03413497411200325
11643 0.034964943570770346
11663 0.016195598293208678
11689 0.03742482920700087
11690 0.03541766572786147
11704 0.020357142391445877
11767 0.040029347385079996
11778 0.025529525078075283
11783 0.04470311393587543
11785 0.058898110098487916
11816 0.025706163531804656
11823 0.04031118223200801
11878 0.020421755255773784
11944 0.04018664483517081
11955 0.05305731240212441
11993 0.07399133774916145