247
t_index tf-idf
66 0.03332428454819747
75 0.1070688277468254
101 0.03202399003841076
114 0.043442890335353
195 0.039465851104400734
205 0.040613799711940166
379 0.027453749100913707
469 0.06782817009659678
484 0.02631998575545924
493 0.07315360037435566
502 0.06284959655477498
606 0.04548576094731819
627 0.058448404896020024
664 0.04251540612481573
665 0.043442890335353
726 0.06284959655477498
728 0.028861528202488666
753 0.017103705804379133
783 0.07965705069984415
911 0.04022150119029857
933 0.029812070147703477
942 0.029910455078814492
1092 0.09646450484491333
1155 0.026957528172450656
1183 0.06372405192863986
1379 0.028587512446368174
1451 0.07965705069984415
1535 0.06202243273035321
1541 0.13384745080416
1559 0.04784408199410796
1575 0.10254412945192025
1658 0.03146760857602315
1670 0.04548576094731819
1690 0.06465153613917714
1732 0.0824463524736183
1873 0.11658468826371168
1912 0.06830265896850367
1978 0.0979043346509207
2030 0.03684876625908575
2050 0.06810092133824251
2052 0.05224527365286292
2108 0.09026137360175622
2278 0.09646450484491333
2282 0.06782817009659678
2326 0.026795634555234035
2359 0.06284959655477498
2362 0.039101576655432756
2553 0.11917029812655922
2557 0.05664646531161787
2567 0.03741518798791562
2594 0.0824463524736183
2609 0.036163017072769296
2610 0.1070688277468254
2690 0.05657339989482173
2764 0.03839805941815083
2832 0.0355801349904476
2845 0.1070688277468254
2861 0.12163912981503862
3042 0.035296815707231186
3139 0.09026137360175622
3144 0.09646450484491333
3192 0.027622798379655807
3246 0.05182610211524343
3252 0.04081378692652908
3281 0.03371074791590094
3397 0.05311972902672779
3400 0.043442890335353
3511 0.037890870294167746
3546 0.07345391945668706
3595 0.04122177921333137
3632 0.04705888661969567
3636 0.03543781950779374
3670 0.08586018194300127
3795 0.05063338376788209
3823 0.033870586646864966
3848 0.07965705069984415
3912 0.04917525200188705
3978 0.04988695260607314
3979 0.07345391945668706
3996 0.04521497858528404
4059 0.1730229284569978
4060 0.18128328382539588
4082 0.05063338376788209
4244 0.043441781849506096
4296 0.035096885339573135
4317 0.025858680332594582
4320 0.059779574903799114
4334 0.07479879618672797
4338 0.04041639304961554
4387 0.037081220843796885
4555 0.030209464024617015
4587 0.06810092133824251
4693 0.0291405414809868
4755 0.05404721323726507
4756 0.0446873813347038
4778 0.0373999574571461
4779 0.07729872965305438
4876 0.04232686919369384
4883 0.06669440675114231
4903 0.040613799711940166
4936 0.04164095075095085
4945 0.13959380923815828
5012 0.09026137360175622
5046 0.03179900357098048
5088 0.020168979959874676
5090 0.1618579798265897
5105 0.05503457542663705
5234 0.05357644366064201
5241 0.06048562887946405
5329 0.04965902140131065
5408 0.04721955429849911
5430 0.06202243273035321
5459 0.06148202583559802
5472 0.03202399003841076
5476 0.034213261806458437
5481 0.06669440675114231
5515 0.04368382136291603
5589 0.0824463524736183
5613 0.07437759785007758
5644 0.014264628653934394
5661 0.06905272779793209
5780 0.11342414586799023
5833 0.03474544778054715
5892 0.03353748220656692
5903 0.0263982406783205
5983 0.03236779785681787
5995 0.04195380874777727
6013 0.029812070147703477
6091 0.02462247527320711
6114 0.03236779785681787
6115 0.16716926547775163
6128 0.05224527365286292
6155 0.06905272779793209
6156 0.09026137360175622
6191 0.020168979959874676
6204 0.06782817009659678
6239 0.02616466661366076
6240 0.021821535002057243
6282 0.017669586679715594
6464 0.02840752444021486
6471 0.04274205921941282
6482 0.05539967228674178
6571 0.02822962936529537
6613 0.026715325688077204
6614 0.06563889832854912
6646 0.05102071595152761
6692 0.07236859705867504
6697 0.05404721323726507
6752 0.025484607807853527
6844 0.025191798792083126
6859 0.022536005874075726
7021 0.025264477332866037
7057 0.03114324015548257
7060 0.03225228437101993
7191 0.1070688277468254
7254 0.04274205921941282
7268 0.040207690726783374
7290 0.04041639304961554
7366 0.13959380923815828
7483 0.07184202957170623
7606 0.02322160672090085
7634 0.05327929273945754
7705 0.08586018194300127
7808 0.09896175195792241
7809 0.05782387720041118
7868 0.03320140192720407
7922 0.02736991982781312
7932 0.025119463886346165
8087 0.017978346055158433
8159 0.058448404896020024
8235 0.029520655545101117
8272 0.05224527365286292
8381 0.03874577447807134
8472 0.04122177921333137
8476 0.060731157987582454
8506 0.032601371921477613
8527 0.0668214945258147
8686 0.04917525200188705
8692 0.03225228437101993
8700 0.07098751158205784
8897 0.03805807200282577
8915 0.04816617397627479
8921 0.04784408199410796
8952 0.07965705069984415
9030 0.04548576094731819
9077 0.01996699774945825
9183 0.015886782615233772
9211 0.04002906086597002
9223 0.07795612360793287
9287 0.043442890335353
9304 0.06713547566666635
9312 0.019109990976678908
9319 0.09026137360175622
9346 0.18128328382539588
9349 0.13012578550249213
9353 0.03307949846100397
9359 0.07038389780571118
9389 0.027039121987525644
9391 0.04365463476181103
9396 0.05102071595152761
9529 0.037890870294167746
9538 0.04816617397627479
9630 0.04721955429849911
9660 0.0752558590410892
9675 0.07965705069984415
9736 0.05224527365286292
9856 0.04548576094731819
9912 0.06979453925271657
9938 0.027286547392255677
9951 0.07729872965305438
9986 0.13959380923815828
9993 0.09026137360175622
10214 0.04883144418347994
10336 0.04816617397627479
10340 0.035868800234778106
10461 0.017892930851608622
10472 0.029812070147703477
10526 0.03395395383486885
10667 0.06281851333191776
10701 0.07965705069984415
10784 0.02102808587518038
10791 0.04988695260607314
10800 0.06465153613917714
10840 0.04883144418347994
10846 0.03676898951557282
10864 0.04883144418347994
10905 0.05102071595152761
10919 0.07729872965305438
10920 0.018630365362724565
10940 0.039465851104400734
10978 0.049180796243546675
11010 0.1070688277468254
11081 0.05664646531161787
11214 0.0824463524736183
11327 0.019405153908116035
11469 0.044177373972882295
11663 0.019756866042928672
11739 0.1070688277468254
11745 0.028769643217196383
11767 0.04883144418347994
11783 0.0545329303520216
11785 0.030109143638501513
11832 0.08586018194300127
11834 0.03572378678825823
11854 0.0321097200006498
11878 0.024912317263326093
11934 0.012395787440329788