292
t_index tf-idf
23 0.04867294699730031
84 0.051013738517710606
128 0.04630527245492674
144 0.038699123058746815
146 0.05447623420793126
168 0.069612413776917
190 0.16364244075272913
198 0.052636499519261574
227 0.025663586306007256
324 0.030693958064452968
336 0.03554150462069312
363 0.016073257546032328
411 0.04308663347378807
484 0.023702818238219167
496 0.05822281304277382
536 0.09115109085873681
568 0.05738755462487656
654 0.06469830890579853
661 0.01756532944143157
688 0.11200154730276127
692 0.037500319950275834
753 0.015402972997319506
761 0.1016947333487407
868 0.05822281304277382
916 0.03243397547065016
933 0.026847661947137922
935 0.027296481581192772
961 0.07424817495127203
969 0.0491103660974941
1006 0.03057769117712573
1034 0.03675540640945324
1036 0.04594739403808493
1155 0.024276965662518895
1276 0.05491549412248175
1312 0.0812860976556821
1453 0.040012263291339285
1477 0.06614991808669635
1488 0.015211880552758551
1645 0.03554150462069312
1694 0.041211066399810266
1696 0.03311280953523457
1703 0.06614991808669635
1705 0.0491103660974941
1730 0.053835302627732555
1747 0.04783768857940305
1886 0.07732254513372082
1892 0.052636499519261574
1993 0.04460217568998866
2049 0.034579890412744195
2115 0.02853682088146401
2217 0.07424817495127203
2222 0.025663586306007256
2239 0.07424817495127203
2300 0.02235360607179685
2358 0.11474912051725991
2369 0.0812860976556821
2388 0.07173623161020858
2423 0.03243397547065016
2551 0.09642227722466784
2567 0.012069360794993987
2638 0.030348060121744295
2714 0.024876083722353535
2783 0.040479343424269947
2833 0.03537650211698425
2836 0.042802550329166175
2882 0.052074072677876226
2915 0.03712282936729676
2936 0.06777267908824731
3076 0.09642227722466784
3192 0.024876083722353535
3196 0.09115109085873681
3254 0.02449859313937446
3267 0.040012263291339285
3350 0.04867294699730031
3358 0.040696721700463845
3439 0.06338516867320607
3453 0.043376697753465907
3454 0.05660005204122284
3462 0.03712282936729676
3503 0.0293626017780261
3508 0.043975815813300546
3511 0.03412313440497625
3546 0.06614991808669635
3566 0.052074072677876226
3640 0.053222866495923254
3659 0.03828782253392955
3671 0.06469830890579853
3727 0.06441471758192463
3780 0.04783768857940305
3782 0.03675540640945324
3793 0.02356294348976107
3797 0.022492304509081427
3798 0.07551804801634363
3803 0.0407189589314145
3860 0.059111995382286286
3904 0.08687241117919434
3947 0.015136179568985744
4003 0.0995595514956586
4064 0.02236414038129009
4065 0.03604871076937801
4082 0.07720510177161195
4150 0.09716742208870685
4180 0.034735570536785554
4267 0.054372715594838264
4296 0.04637913726128612
4387 0.07968789878994767
4428 0.05738755462487656
4431 0.05491549412248175
4498 0.08169263986667817
4536 0.03191400642676359
4561 0.046672695412770256
4576 0.027855107196347647
4577 0.04705018599574934
4587 0.06132920341724776
4594 0.059111995382286286
4658 0.059111995382286286
4661 0.06614991808669635
4668 0.04492636816245776
4700 0.01725370772201061
4703 0.09642227722466784
4845 0.02186308354954948
4865 0.061083573607070674
4872 0.033273182735918325
4913 0.0812860976556821
4953 0.0812860976556821
4964 0.0812860976556821
5006 0.09642227722466784
5016 0.08687241117919434
5198 0.05081242035500163
5212 0.037500319950275834
5232 0.05002920946974345
5613 0.06698174912462025
5682 0.03473734387695976
5843 0.018146846808688194
5848 0.023915329562745034
5858 0.042251375055890814
5866 0.06338516867320607
5896 0.069612413776917
5903 0.023773291764689126
5913 0.02062844805577037
5916 0.11137478988175985
5953 0.0523681574201018
5995 0.01583294544691225
6005 0.07424817495127203
6013 0.026847661947137922
6042 0.02649884472390451
6084 0.038082781963846964
6091 0.022174102273395804
6113 0.046371960803523946
6114 0.02914925701327331
6116 0.09642227722466784
6127 0.042802550329166175
6128 0.04705018599574934
6239 0.02356294348976107
6240 0.04124125236980577
6387 0.11790511125144798
6410 0.03283385882053716
6519 0.09642227722466784
6523 0.03604871076937801
6530 0.059111995382286286
6571 0.02542257355284102
6743 0.031661200354336755
6859 0.02029510410878017
6907 0.07732254513372082
6958 0.026327692903251355
7009 0.05257012760324287
7052 0.08561441661008862
7057 0.028046465055608906
7108 0.0565619015045121
7266 0.05822281304277382
7312 0.08687241117919434
7331 0.019392205944954288
7336 0.06254128957314256
7450 0.09642227722466784
7519 0.04867294699730031
7532 0.08315107789423887
7606 0.02091253120039227
7627 0.03570850720343359
7634 0.028338579412574193
7651 0.041211066399810266
7725 0.03339399366998045
7737 0.040962815640496496
7812 0.08391597954917192
7880 0.09353170280317703
7881 0.07064047783006008
7922 0.07261182598694718
7937 0.021558931145173557
7987 0.05738755462487656
7988 0.02114409201897946
8016 0.028479439757961755
8053 0.09642227722466784
8143 0.03311280953523457
8235 0.026585224595475833
8274 0.038699123058746815
8327 0.0395605000520206
8368 0.20122057868226212
8388 0.02979018859347201
8448 0.07732254513372082
8461 0.025908890312152922
8476 0.03230213193453546
8569 0.09642227722466784
8621 0.10529066952520127
8641 0.016566834305715074
8767 0.033826831707992396
8777 0.04449602742613404
8843 0.05585513850040024
8847 0.023424474541455714
8911 0.052074072677876226
8974 0.03325268428369267
8976 0.03912308095182681
9017 0.037865781232228134
9077 0.016568128687683148
9208 0.03427371015931985
9286 0.05738755462487656
9293 0.05822281304277382
9300 0.026327692903251355
9314 0.024131170181530937
9330 0.08169263986667817
9343 0.10401169367879355
9389 0.041228889114579254
9397 0.06583726328480367
9509 0.062186365564735085
9529 0.057775488809653615
9539 0.03675540640945324
9618 0.04367300045044976
9645 0.03570850720343359
9659 0.069612413776917
9693 0.06469830890579853
9755 0.06614991808669635
9762 0.09642227722466784
9827 0.04252420663240272
9848 0.04172140416446158
9856 0.040962815640496496
9978 0.069612413776917
9980 0.09642227722466784
9999 0.06614991808669635
10016 0.05081242035500163
10024 0.08241046297802268
10030 0.02649884472390451
10147 0.09642227722466784
10202 0.10954375931084918
10216 0.037500319950275834
10221 0.06614991808669635
10298 0.09642227722466784
10331 0.019238836520186264
10336 0.043376697753465907
10355 0.039784530100054095
10386 0.07732254513372082
10447 0.10008530831879053
10461 0.038452079794375024
10664 0.08687241117919434
10666 0.0438675645834586
10667 0.02167978757263631
10670 0.06298068531686081
10685 0.048829748795436015
10704 0.08687241117919434
10715 0.037544018745647986
10726 0.06469830890579853
10740 0.011449045026490093
10805 0.03243397547065016
10810 0.025908890312152922
10833 0.046672695412770256
10836 0.08241046297802268
10846 0.03311280953523457
10867 0.0600625477314435
10920 0.01677782685777785
10991 0.07424817495127203
11002 0.02495283904279301
11093 0.09642227722466784
11122 0.06338516867320607
11194 0.038909471333674873
11231 0.07424817495127203
11327 0.01747557313450823
11459 0.028338579412574193
11517 0.0269362638240983
11556 0.10008530831879053
11604 0.0651725163597744
11615 0.04877209629964148
11646 0.05606486010500089
11660 0.0407189589314145
11663 0.03733916511538036
11689 0.01472709961704539
11704 0.037865781232228134
11721 0.051013738517710606
11733 0.023355758466915552
11742 0.07424817495127203
11763 0.0384919380359013
11785 0.056904282458457064
11789 0.04460217568998866
11793 0.07389938383124647
11823 0.04428543658225906
11878 0.018100516286148942